t,d_01,d_02,d_12,form_err,perturbation,drift_0,drift_1,drift_2,x_0,y_0,z_0,yaw_0,x_1,y_1,z_1,yaw_1,x_2,y_2,z_2,yaw_2
0.1,5.0121,3.5368,3.5366,0.0062,0,0.4,0.4,0.4,-13.8899,-0.49,-4.4357,-0.01,-13.8901,-5.5021,-4.4355,-0.0,-16.3856,-2.9961,-4.4353,-0.01
0.2,5.0286,3.5389,3.5387,0.0147,0,0.4,0.4,0.4,-13.8849,-0.4727,-4.437,-0.02,-13.8854,-5.5013,-4.4366,0.0,-16.3754,-2.9869,-4.4361,-0.01
0.3,5.0424,3.5417,3.5411,0.0217,0,0.4,0.4,0.4,-13.8731,-0.4529,-4.4387,-0.03,-13.8741,-5.4953,-4.4382,-0.0,-16.3606,-2.974,-4.4372,-0.02
0.4,5.0534,3.5444,3.5439,0.0273,0,0.4,0.4,0.4,-13.8562,-0.4324,-4.4405,-0.03,-13.8572,-5.4857,-4.4401,-0.01,-16.342,-2.9589,-4.4383,-0.02
0.5,5.0618,3.5467,3.5472,0.0315,0,0.4,0.4,0.4,-13.8353,-0.4118,-4.4426,-0.03,-13.8357,-5.4736,-4.442,-0.02,-16.3205,-2.9422,-4.4393,-0.02
0.6,5.0679,3.5489,3.5508,0.0348,0,0.4,0.4,0.4,-13.8107,-0.392,-4.4449,-0.04,-13.811,-5.4599,-4.4442,-0.03,-16.2969,-2.9245,-4.4407,-0.03
0.7,5.0721,3.5509,3.5545,0.0373,0,0.4,0.4,0.4,-13.7832,-0.3735,-4.4474,-0.06,-13.7839,-5.4456,-4.4465,-0.04,-16.2715,-2.9067,-4.4425,-0.04
0.8,5.0744,3.5529,3.5577,0.0387,0,0.4,0.4,0.4,-13.7542,-0.3564,-4.45,-0.08,-13.7553,-5.4308,-4.4488,-0.05,-16.2453,-2.8897,-4.4442,-0.04
0.9,5.0757,3.555,3.5607,0.0395,0,0.4,0.4,0.4,-13.7241,-0.3406,-4.4525,-0.1,-13.7254,-5.4163,-4.451,-0.06,-16.2183,-2.8738,-4.446,-0.02
1.0,5.0768,3.5574,3.5632,0.0401,0,0.4,0.4,0.4,-13.6933,-0.3257,-4.4548,-0.11,-13.6948,-5.4025,-4.4533,-0.07,-16.1905,-2.8593,-4.4481,-0.01
1.1,5.0771,3.5597,3.5648,0.0401,0,0.4,0.4,0.4,-13.6622,-0.312,-4.4571,-0.14,-13.664,-5.3891,-4.4555,-0.08,-16.1621,-2.8461,-4.4502,0.01
1.2,5.0768,3.5619,3.5659,0.0398,0,0.4,0.4,0.4,-13.6306,-0.2999,-4.4594,-0.15,-13.6331,-5.3767,-4.4581,-0.09,-16.1334,-2.8343,-4.452,0.01
1.3,5.0767,3.5637,3.5675,0.0398,0,0.4,0.4,0.4,-13.5989,-0.2895,-4.4613,-0.15,-13.602,-5.3662,-4.4611,-0.1,-16.1045,-2.8237,-4.4536,0.0
1.4,5.0764,3.5655,3.5695,0.0399,0,0.4,0.4,0.4,-13.5668,-0.2806,-4.4631,-0.15,-13.5708,-5.357,-4.4635,-0.11,-16.0756,-2.814,-4.4553,-0.01
1.5,5.076,3.5666,3.5714,0.04,0,0.4,0.4,0.4,-13.5346,-0.2729,-4.4652,-0.16,-13.5396,-5.3489,-4.4658,-0.13,-16.0464,-2.8051,-4.4572,-0.04
1.6,5.0752,3.5675,3.5733,0.04,0,0.4,0.4,0.4,-13.5028,-0.2666,-4.4671,-0.15,-13.5082,-5.3417,-4.4677,-0.13,-16.0171,-2.7974,-4.4592,-0.06
1.7,5.074,3.5684,3.575,0.0396,0,0.4,0.4,0.4,-13.4709,-0.2616,-4.4687,-0.15,-13.4767,-5.3356,-4.4695,-0.14,-15.9878,-2.7911,-4.4613,-0.06
1.8,5.0724,3.5693,3.5763,0.039,0,0.4,0.4,0.4,-13.4393,-0.258,-4.4704,-0.14,-13.4451,-5.3304,-4.4713,-0.15,-15.9587,-2.7864,-4.4635,-0.06
1.9,5.0707,3.5706,3.5779,0.0383,0,0.4,0.4,0.4,-13.4076,-0.2552,-4.4723,-0.14,-13.4134,-5.3259,-4.4731,-0.15,-15.9298,-2.7826,-4.4658,-0.06
2.0,5.0688,3.5724,3.5789,0.0373,0,0.4,0.4,0.4,-13.3757,-0.2533,-4.4743,-0.12,-13.3822,-5.3221,-4.4747,-0.16,-15.9012,-2.7799,-4.468,-0.06
2.1,5.0668,3.574,3.5799,0.0364,0,0.4,0.4,0.4,-13.3437,-0.2524,-4.476,-0.11,-13.351,-5.3192,-4.4764,-0.17,-15.8725,-2.778,-4.4701,-0.07
2.2,5.0652,3.5757,3.581,0.0357,0,0.4,0.4,0.4,-13.312,-0.252,-4.4777,-0.1,-13.3201,-5.3172,-4.4783,-0.18,-15.844,-2.7768,-4.472,-0.07
2.3,5.0635,3.5776,3.5822,0.0349,0,0.4,0.4,0.4,-13.2805,-0.2522,-4.4794,-0.1,-13.2894,-5.3157,-4.48,-0.18,-15.8159,-2.7763,-4.4741,-0.06
2.4,5.0616,3.5792,3.5833,0.034,0,0.4,0.4,0.4,-13.2494,-0.2533,-4.4806,-0.1,-13.2588,-5.3149,-4.4814,-0.18,-15.788,-2.7765,-4.4763,-0.07
2.5,5.0598,3.5802,3.5851,0.0335,0,0.4,0.4,0.4,-13.2188,-0.2549,-4.4818,-0.1,-13.2278,-5.3147,-4.4825,-0.17,-15.76,-2.7768,-4.4782,-0.07
2.6,5.0583,3.5814,3.5869,0.0331,0,0.4,0.4,0.4,-13.1884,-0.257,-4.4833,-0.1,-13.1971,-5.3153,-4.4835,-0.16,-15.7324,-2.7778,-4.4799,-0.06
2.7,5.0566,3.5829,3.5882,0.0325,0,0.4,0.4,0.4,-13.1581,-0.2595,-4.4845,-0.11,-13.167,-5.3161,-4.4844,-0.17,-15.7049,-2.7795,-4.4813,-0.06
2.8,5.0548,3.5845,3.5892,0.0318,0,0.4,0.4,0.4,-13.1277,-0.2624,-4.4856,-0.11,-13.1371,-5.3172,-4.4856,-0.18,-15.6775,-2.7817,-4.4826,-0.07
2.9,5.053,3.5863,3.5902,0.0325,0,0.4,0.4,0.4,-13.0974,-0.2656,-4.4864,-0.1,-13.1071,-5.3185,-4.4868,-0.18,-15.6503,-2.7844,-4.4839,-0.07
3.0,5.0514,3.5887,3.591,0.0343,0,0.4,0.4,0.4,-13.0669,-0.2688,-4.4874,-0.09,-13.0769,-5.3201,-4.4875,-0.18,-15.6229,-2.7878,-4.4852,-0.07
3.1,5.0498,3.5912,3.5911,0.036,0,0.4,0.4,0.4,-13.0364,-0.2722,-4.4882,-0.07,-13.0465,-5.3219,-4.4879,-0.18,-15.5951,-2.792,-4.4864,-0.07
3.2,5.0483,3.5934,3.5915,0.0376,0,0.4,0.4,0.4,-13.0062,-0.2759,-4.4889,-0.06,-13.016,-5.3242,-4.4882,-0.17,-15.5673,-2.7964,-4.4876,-0.06
3.3,5.0473,3.5957,3.5918,0.0391,0,0.4,0.4,0.4,-12.9762,-0.2796,-4.4895,-0.05,-12.9859,-5.3269,-4.4888,-0.17,-15.5396,-2.8011,-4.4884,-0.05
3.4,5.0466,3.5977,3.5919,0.0402,0,0.4,0.4,0.4,-12.9465,-0.2834,-4.49,-0.05,-12.9567,-5.33,-4.4895,-0.17,-15.5119,-2.8056,-4.4889,-0.04
3.5,5.046,3.5994,3.5919,0.0413,0,0.4,0.4,0.4,-12.9169,-0.2873,-4.4906,-0.04,-12.9279,-5.3333,-4.4902,-0.17,-15.4843,-2.81,-4.4897,-0.03
3.6,5.045,3.6003,3.5919,0.042,0,0.4,0.4,0.4,-12.8875,-0.2918,-4.4911,-0.04,-12.8994,-5.3368,-4.4904,-0.18,-15.4564,-2.8142,-4.4906,-0.02
3.7,5.044,3.6006,3.5923,0.0426,0,0.4,0.4,0.4,-12.8582,-0.2965,-4.4915,-0.03,-12.871,-5.3405,-4.4903,-0.2,-15.4285,-2.8179,-4.4915,-0.01
3.8,5.0433,3.6013,3.5934,0.0437,0,0.4,0.4,0.4,-12.829,-0.3009,-4.4919,-0.03,-12.8421,-5.3442,-4.4903,-0.2,-15.4011,-2.8215,-4.4921,0.0
3.9,5.0429,3.6022,3.5953,0.0452,0,0.4,0.4,0.4,-12.8,-0.3053,-4.4922,-0.03,-12.8129,-5.3481,-4.4905,-0.2,-15.3742,-2.825,-4.4925,0.0
4.0,5.0426,3.603,3.5975,0.0467,0,0.4,0.4,0.4,-12.7711,-0.3095,-4.4921,-0.03,-12.784,-5.3521,-4.4906,-0.19,-15.3475,-2.8282,-4.4929,-0.0
4.1,5.042,3.6036,3.5992,0.048,0,0.4,0.4,0.4,-12.7427,-0.3136,-4.4917,-0.01,-12.7553,-5.3556,-4.4909,-0.19,-15.3209,-2.8313,-4.4933,-0.01
4.2,5.0412,3.604,3.6008,0.0492,0,0.4,0.4,0.4,-12.7142,-0.3178,-4.4915,0.0,-12.7266,-5.359,-4.4912,-0.18,-15.294,-2.8344,-4.494,-0.02
4.3,5.0405,3.6046,3.6025,0.0505,0,0.4,0.4,0.4,-12.6855,-0.3221,-4.4912,0.02,-12.6975,-5.3625,-4.4914,-0.17,-15.2671,-2.8377,-4.4949,-0.02
4.4,5.0398,3.6052,3.6035,0.0516,0,0.4,0.4,0.4,-12.6566,-0.3264,-4.4904,0.04,-12.6689,-5.3662,-4.4917,-0.16,-15.2398,-2.8413,-4.4959,-0.02
4.5,5.0398,3.6058,3.6047,0.0525,0,0.4,0.4,0.4,-12.6276,-0.3304,-4.4898,0.07,-12.6402,-5.3703,-4.4917,-0.14,-15.2123,-2.8447,-4.4968,-0.02
4.6,5.0404,3.6067,3.6062,0.0535,0,0.4,0.4,0.4,-12.5988,-0.3339,-4.4895,0.1,-12.6111,-5.3743,-4.4916,-0.13,-15.1847,-2.8481,-4.4975,-0.02
4.7,5.0412,3.608,3.6077,0.0546,0,0.4,0.4,0.4,-12.5697,-0.3375,-4.4889,0.11,-12.5822,-5.3786,-4.4916,-0.12,-15.1573,-2.8518,-4.4981,-0.04
4.8,5.042,3.6092,3.609,0.0555,0,0.4,0.4,0.4,-12.5409,-0.3411,-4.488,0.12,-12.5537,-5.3831,-4.4918,-0.12,-15.1299,-2.8557,-4.4985,-0.04
4.9,5.0426,3.6101,3.6099,0.0563,0,0.4,0.4,0.4,-12.5123,-0.3451,-4.4873,0.12,-12.5253,-5.3877,-4.492,-0.13,-15.1024,-2.8598,-4.4988,-0.05
5.0,5.0426,3.6105,3.6107,0.0568,0,0.4,0.4,0.4,-12.4839,-0.3495,-4.4866,0.12,-12.4969,-5.392,-4.4924,-0.12,-15.0749,-2.8639,-4.4989,-0.06
5.1,5.0419,3.6108,3.6115,0.0575,0,0.4,0.4,0.4,-12.4555,-0.354,-4.486,0.11,-12.4684,-5.3959,-4.493,-0.11,-15.0475,-2.8678,-4.4986,-0.05
5.2,5.0409,3.6111,3.6124,0.0584,0,0.4,0.4,0.4,-12.4267,-0.3586,-4.4856,0.1,-12.4396,-5.3995,-4.4934,-0.1,-15.02,-2.8715,-4.4984,-0.04
5.3,5.0399,3.6118,3.6137,0.0596,0,0.4,0.4,0.4,-12.3978,-0.363,-4.4855,0.08,-12.4104,-5.4029,-4.4938,-0.09,-14.9929,-2.8751,-4.4979,-0.02
5.4,5.039,3.6131,3.6151,0.0611,0,0.4,0.4,0.4,-12.369,-0.367,-4.4855,0.06,-12.3812,-5.406,-4.4944,-0.07,-14.9662,-2.8788,-4.4974,-0.01
5.5,5.0381,3.6148,3.6163,0.0628,0,0.4,0.4,0.4,-12.34,-0.3707,-4.4856,0.04,-12.3522,-5.4088,-4.4946,-0.07,-14.9396,-2.8824,-4.4974,-0.0
5.6,5.037,3.6163,3.618,0.0646,0,0.4,0.4,0.4,-12.3107,-0.3745,-4.4859,0.02,-12.323,-5.4115,-4.4945,-0.06,-14.9131,-2.8854,-4.4975,-0.01
5.7,5.036,3.6176,3.6197,0.0664,0,0.4,0.4,0.4,-12.2814,-0.3785,-4.4862,0.0,-12.2939,-5.4145,-4.4941,-0.06,-14.8866,-2.8885,-4.4975,-0.02
5.8,5.0353,3.6191,3.6215,0.0681,0,0.4,0.4,0.4,-12.2523,-0.3824,-4.4866,-0.01,-12.265,-5.4176,-4.4934,-0.05,-14.8602,-2.8917,-4.4975,-0.03
5.9,5.0348,3.6207,3.6227,0.0696,0,0.4,0.4,0.4,-12.2236,-0.3859,-4.487,-0.02,-12.2362,-5.4207,-4.4925,-0.05,-14.8337,-2.8953,-4.4977,-0.03
6.0,5.0342,3.6223,3.6235,0.0708,0,0.4,0.4,0.4,-12.1948,-0.3893,-4.4873,-0.04,-12.2077,-5.4235,-4.4916,-0.05,-14.8069,-2.8989,-4.4977,-0.04
6.1,5.0337,3.6232,3.624,0.0716,0,0.4,0.4,0.4,-12.1661,-0.3928,-4.4878,-0.04,-12.1796,-5.4265,-4.491,-0.05,-14.7797,-2.9021,-4.4974,-0.05
6.2,5.033,3.6236,3.6248,0.0724,0,0.4,0.4,0.4,-12.1375,-0.3964,-4.4885,-0.04,-12.1518,-5.4294,-4.4907,-0.06,-14.7527,-2.9046,-4.4967,-0.05
6.3,5.032,3.624,3.6257,0.0733,0,0.4,0.4,0.4,-12.1088,-0.3999,-4.4891,-0.05,-12.1238,-5.4319,-4.4906,-0.06,-14.7257,-2.9068,-4.4959,-0.06
6.4,5.0313,3.6246,3.6265,0.0742,0,0.4,0.4,0.4,-12.08,-0.4031,-4.4893,-0.05,-12.0956,-5.4343,-4.4907,-0.05,-14.6985,-2.9092,-4.4953,-0.07
6.5,5.0304,3.6255,3.6267,0.0749,0,0.4,0.4,0.4,-12.051,-0.4061,-4.4893,-0.05,-12.0674,-5.4365,-4.4911,-0.05,-14.6711,-2.912,-4.495,-0.08
6.6,5.0296,3.6263,3.6267,0.0755,0,0.4,0.4,0.4,-12.0222,-0.409,-4.4894,-0.05,-12.0394,-5.4386,-4.4917,-0.04,-14.6437,-2.9146,-4.4947,-0.09
6.7,5.0295,3.6272,3.6271,0.0762,0,0.4,0.4,0.4,-11.9937,-0.4115,-4.4894,-0.06,-12.0115,-5.441,-4.4924,-0.04,-14.6164,-2.9171,-4.4945,-0.1
6.8,5.0303,3.6285,3.6281,0.077,0,0.4,0.4,0.4,-11.9655,-0.4135,-4.4892,-0.06,-11.9834,-5.4438,-4.4928,-0.03,-14.5895,-2.9196,-4.4943,-0.09
6.9,5.0312,3.6299,3.6292,0.0778,0,0.4,0.4,0.4,-11.9373,-0.4152,-4.4893,-0.07,-11.9554,-5.4464,-4.493,-0.02,-14.5627,-2.9219,-4.4943,-0.07
7.0,5.0321,3.6311,3.6305,0.0787,0,0.4,0.4,0.4,-11.9089,-0.4171,-4.4899,-0.08,-11.9274,-5.4492,-4.4933,-0.02,-14.5358,-2.924,-4.4944,-0.06
7.1,5.0332,3.6326,3.6317,0.0795,0,0.4,0.4,0.4,-11.8805,-0.4192,-4.4907,-0.09,-11.8992,-5.4524,-4.4938,-0.02,-14.5088,-2.9267,-4.4944,-0.05
7.2,5.0343,3.634,3.6316,0.0798,0,0.4,0.4,0.4,-11.852,-0.421,-4.4915,-0.1,-11.8711,-5.4553,-4.4943,-0.02,-14.481,-2.9299,-4.494,-0.05
7.3,5.0353,3.6357,3.6305,0.0797,0,0.4,0.4,0.4,-11.8236,-0.4227,-4.4922,-0.11,-11.8431,-5.4579,-4.4951,-0.01,-14.4527,-2.9339,-4.4937,-0.05
7.4,5.0357,3.6374,3.6287,0.0794,0,0.4,0.4,0.4,-11.7952,-0.4246,-4.4925,-0.12,-11.8152,-5.4602,-4.4961,-0.01,-14.4243,-2.9383,-4.4933,-0.05
7.5,5.0357,3.6388,3.6264,0.079,0,0.4,0.4,0.4,-11.7669,-0.4266,-4.4927,-0.12,-11.787,-5.4622,-4.4969,0.0,-14.3955,-2.9429,-4.4931,-0.05
7.6,5.0356,3.64,3.6242,0.0786,0,0.4,0.4,0.4,-11.7387,-0.4284,-4.493,-0.13,-11.759,-5.4639,-4.4975,0.01,-14.3666,-2.947,-4.4929,-0.06
7.7,5.0352,3.641,3.6222,0.0782,0,0.4,0.4,0.4,-11.7104,-0.4301,-4.4933,-0.12,-11.7311,-5.4653,-4.498,0.01,-14.338,-2.9505,-4.4927,-0.08
7.8,5.0345,3.6418,3.6211,0.0784,0,0.4,0.4,0.4,-11.6819,-0.432,-4.4935,-0.1,-11.703,-5.4664,-4.4983,0.01,-14.3099,-2.9532,-4.4926,-0.08
7.9,5.0338,3.6424,3.6206,0.0786,0,0.4,0.4,0.4,-11.6536,-0.4338,-4.4935,-0.08,-11.6751,-5.4676,-4.4988,-0.01,-14.2821,-2.9552,-4.4924,-0.07
8.0,5.0331,3.643,3.6207,0.0792,0,0.4,0.4,0.4,-11.6252,-0.4356,-4.4934,-0.06,-11.6471,-5.4686,-4.4994,-0.03,-14.2548,-2.9568,-4.4921,-0.07
8.1,5.0325,3.6439,3.6214,0.0802,0,0.4,0.4,0.4,-11.5965,-0.4374,-4.4933,-0.05,-11.619,-5.4698,-4.5,-0.04,-14.2278,-2.9582,-4.4917,-0.07
8.2,5.032,3.6447,3.6223,0.0811,0,0.4,0.4,0.4,-11.5681,-0.4393,-4.4929,-0.04,-11.5907,-5.4712,-4.4999,-0.04,-14.2009,-2.9596,-4.4914,-0.06
8.3,5.0315,3.6455,3.6232,0.082,0,0.4,0.4,0.4,-11.5397,-0.4411,-4.4926,-0.03,-11.5624,-5.4726,-4.4995,-0.05,-14.1739,-2.9611,-4.4911,-0.05
8.4,5.0308,3.6458,3.6237,0.0826,0,0.4,0.4,0.4,-11.5116,-0.4429,-4.4923,-0.02,-11.5342,-5.4736,-4.4989,-0.05,-14.1467,-2.9625,-4.4913,-0.05
8.5,5.03,3.6458,3.6238,0.0829,0,0.4,0.4,0.4,-11.4837,-0.4446,-4.4918,-0.01,-11.5061,-5.4745,-4.4985,-0.05,-14.1191,-2.9638,-4.4919,-0.05
8.6,5.0294,3.6454,3.6236,0.0828,0,0.4,0.4,0.4,-11.4558,-0.4465,-4.4914,-0.0,-11.4784,-5.4758,-4.4978,-0.05,-14.0912,-2.9651,-4.4925,-0.05
8.7,5.0291,3.6443,3.6233,0.0822,0,0.4,0.4,0.4,-11.4284,-0.4486,-4.4912,0.0,-11.451,-5.4776,-4.4968,-0.06,-14.063,-2.9665,-4.493,-0.03
8.8,5.0287,3.6433,3.623,0.0817,0,0.4,0.4,0.4,-11.4011,-0.4505,-4.4913,0.01,-11.4234,-5.4792,-4.4959,-0.07,-14.0348,-2.9679,-4.4931,-0.02
8.9,5.0279,3.6434,3.6222,0.0817,0,0.4,0.4,0.4,-11.3733,-0.4523,-4.4916,0.01,-11.3956,-5.4801,-4.495,-0.07,-14.0069,-2.9699,-4.4932,-0.01
9.0,5.0274,3.644,3.6212,0.0817,0,0.4,0.4,0.4,-11.3452,-0.4536,-4.4917,0.01,-11.3675,-5.481,-4.4943,-0.08,-13.9788,-2.9722,-4.4934,0.01
9.1,5.027,3.6443,3.6202,0.0815,0,0.4,0.4,0.4,-11.317,-0.4551,-4.4918,0.01,-11.3392,-5.4821,-4.4935,-0.08,-13.9502,-2.9744,-4.4935,0.01
9.2,5.0266,3.6445,3.6188,0.0811,0,0.4,0.4,0.4,-11.2887,-0.4563,-4.4918,0.0,-11.3107,-5.4828,-4.4922,-0.07,-13.9212,-2.9767,-4.4935,0.02
9.3,5.0264,3.6447,3.6169,0.0805,0,0.4,0.4,0.4,-11.2605,-0.457,-4.4918,0.02,-11.2822,-5.4834,-4.4908,-0.07,-13.8918,-2.979,-4.4938,0.03
9.4,5.0259,3.6447,3.6149,0.0799,0,0.4,0.4,0.4,-11.2323,-0.458,-4.4919,0.03,-11.254,-5.4839,-4.4897,-0.05,-13.8624,-2.9812,-4.4945,0.04
9.5,5.0253,3.6449,3.6135,0.0796,0,0.4,0.4,0.4,-11.2042,-0.4591,-4.4917,0.04,-11.2255,-5.4844,-4.489,-0.04,-13.8335,-2.9834,-4.4955,0.04
9.6,5.0247,3.6452,3.6126,0.0796,0,0.4,0.4,0.4,-11.1763,-0.4602,-4.4912,0.05,-11.1968,-5.4849,-4.4886,-0.02,-13.8051,-2.9854,-4.4965,0.04
9.7,5.0243,3.6458,3.6123,0.08,0,0.4,0.4,0.4,-11.1483,-0.461,-4.491,0.07,-11.1681,-5.4853,-4.4884,0.0,-13.7771,-2.987,-4.4974,0.04
9.8,5.0239,3.6464,3.6124,0.0806,0,0.4,0.4,0.4,-11.1203,-0.4617,-4.4909,0.08,-11.1393,-5.4856,-4.4882,0.02,-13.7494,-2.9883,-4.498,0.04
9.9,5.0236,3.647,3.6131,0.0813,0,0.4,0.4,0.4,-11.0924,-0.4625,-4.4909,0.08,-11.1109,-5.486,-4.4879,0.02,-13.7223,-2.9892,-4.4982,0.02
10.0,5.0231,3.6475,3.6141,0.0821,0,0.4,0.4,0.4,-11.0642,-0.4634,-4.4909,0.08,-11.0825,-5.4865,-4.4879,0.03,-13.6953,-2.9895,-4.498,-0.01
10.1,5.0222,3.6469,3.6159,0.0829,0,0.4,0.4,0.4,-11.0361,-0.4646,-4.4904,0.07,-11.0535,-5.4868,-4.4881,0.03,-13.6681,-2.989,-4.4976,-0.03
10.2,5.0213,3.6452,3.6181,0.0832,0,0.4,0.4,0.4,-11.008,-0.466,-4.4896,0.08,-11.0244,-5.4873,-4.4884,0.02,-13.6402,-2.9878,-4.4971,-0.03
10.3,5.0201,3.6424,3.6204,0.0832,0,0.4,0.4,0.4,-10.9801,-0.4676,-4.4891,0.09,-10.9949,-5.4877,-4.4886,0.02,-13.6118,-2.9859,-4.4966,-0.02
10.4,5.0194,3.6395,3.6232,0.0832,0,0.4,0.4,0.4,-10.9524,-0.4687,-4.4891,0.09,-10.9654,-5.4881,-4.4891,0.01,-13.5834,-2.9834,-4.4964,-0.01
10.5,5.0189,3.6369,3.6256,0.0832,0,0.4,0.4,0.4,-10.9243,-0.4696,-4.4891,0.1,-10.936,-5.4885,-4.4896,-0.0,-13.5547,-2.9811,-4.4959,0.01
10.6,5.0188,3.6352,3.6275,0.0833,0,0.4,0.4,0.4,-10.8956,-0.4703,-4.4893,0.11,-10.9064,-5.4891,-4.49,-0.01,-13.5258,-2.9795,-4.4952,0.03
10.7,5.0188,3.6346,3.6287,0.0835,0,0.4,0.4,0.4,-10.8668,-0.4709,-4.4896,0.1,-10.8769,-5.4896,-4.4906,0.0,-13.4971,-2.9793,-4.4944,0.04
10.8,5.0188,3.6345,3.6289,0.0836,0,0.4,0.4,0.4,-10.8383,-0.4713,-4.4896,0.09,-10.8475,-5.4901,-4.4914,0.01,-13.4683,-2.9799,-4.4939,0.03
10.9,5.0183,3.6348,3.6281,0.0834,0,0.4,0.4,0.4,-10.8098,-0.4717,-4.4896,0.08,-10.8186,-5.49,-4.4921,0.0,-13.4393,-2.9811,-4.4939,0.02
11.0,5.0174,3.6353,3.6261,0.0831,0,0.4,0.4,0.4,-10.781,-0.4721,-4.4899,0.07,-10.7899,-5.4895,-4.4929,-0.01,-13.4101,-2.9828,-4.4943,0.01
11.1,5.017,3.6362,3.6238,0.0826,0,0.4,0.4,0.4,-10.7522,-0.4723,-4.49,0.07,-10.7615,-5.4893,-4.4933,-0.01,-13.3806,-2.9848,-4.4945,-0.01
11.2,5.0174,3.6368,3.6215,0.0817,0,0.4,0.4,0.4,-10.7234,-0.472,-4.4899,0.08,-10.7331,-5.4894,-4.4937,-0.02,-13.3507,-2.9867,-4.4944,-0.0
11.3,5.0178,3.6364,3.6188,0.0802,0,0.4,0.4,0.4,-10.6949,-0.4716,-4.4899,0.08,-10.705,-5.4894,-4.4939,-0.04,-13.32,-2.988,-4.4942,0.0
11.4,5.0183,3.6351,3.6165,0.0784,0,0.4,0.4,0.4,-10.6664,-0.4713,-4.49,0.07,-10.6773,-5.4896,-4.4939,-0.04,-13.2892,-2.9882,-4.494,0.0
11.5,5.0191,3.6329,3.615,0.0764,0,0.4,0.4,0.4,-10.6382,-0.471,-4.4902,0.06,-10.6497,-5.4901,-4.4938,-0.04,-13.2584,-2.9875,-4.4942,0.01
11.6,5.0206,3.6313,3.6146,0.075,0,0.4,0.4,0.4,-10.6098,-0.4705,-4.4904,0.05,-10.622,-5.491,-4.4939,-0.03,-13.2282,-2.9864,-4.4944,0.02
11.7,5.0217,3.6303,3.6144,0.074,0,0.4,0.4,0.4,-10.5812,-0.4699,-4.4907,0.04,-10.5944,-5.4916,-4.4939,-0.02,-13.1987,-2.9854,-4.4944,0.04
11.8,5.0224,3.6297,3.6145,0.0736,0,0.4,0.4,0.4,-10.5526,-0.4694,-4.491,0.04,-10.5668,-5.4918,-4.4937,-0.0,-13.17,-2.9842,-4.4943,0.05
11.9,5.0229,3.6292,3.6148,0.0733,0,0.4,0.4,0.4,-10.5245,-0.4687,-4.4916,0.03,-10.539,-5.4916,-4.4936,0.01,-13.1417,-2.983,-4.4941,0.06
12.0,5.0234,3.629,3.6152,0.0732,0,0.4,0.4,0.4,-10.4967,-0.4678,-4.492,0.03,-10.5111,-5.4911,-4.4934,0.01,-13.1137,-2.9819,-4.4939,0.07
12.1,5.0237,3.6291,3.6155,0.0733,0,0.4,0.4,0.4,-10.4687,-0.4669,-4.4923,0.02,-10.4832,-5.4906,-4.4932,0.01,-13.0859,-2.981,-4.4934,0.08
12.2,5.0238,3.6294,3.6159,0.0736,0,0.4,0.4,0.4,-10.4406,-0.4662,-4.4925,0.02,-10.4556,-5.49,-4.4932,0.0,-13.0584,-2.9801,-4.493,0.07
12.3,5.0239,3.6295,3.6162,0.0737,0,0.4,0.4,0.4,-10.4126,-0.4657,-4.4927,0.02,-10.4283,-5.4896,-4.4933,-0.01,-13.031,-2.9791,-4.4926,0.06
12.4,5.0235,3.6297,3.6162,0.074,0,0.4,0.4,0.4,-10.3848,-0.4653,-4.4928,0.03,-10.4012,-5.4888,-4.4933,-0.01,-13.004,-2.9782,-4.4923,0.06
12.5,5.0231,3.6301,3.6164,0.0744,0,0.4,0.4,0.4,-10.3569,-0.4649,-4.4927,0.03,-10.3741,-5.488,-4.4937,-0.02,-12.977,-2.9774,-4.4919,0.06
12.6,5.0233,3.6307,3.6168,0.0747,0,0.4,0.4,0.4,-10.3288,-0.4644,-4.4923,0.03,-10.3468,-5.4877,-4.4941,-0.02,-12.9499,-2.9768,-4.4917,0.05
12.7,5.0237,3.6316,3.6169,0.0751,0,0.4,0.4,0.4,-10.3004,-0.4643,-4.4917,0.04,-10.3194,-5.4879,-4.4944,-0.03,-12.9225,-2.9769,-4.4919,0.06
12.8,5.0242,3.633,3.6164,0.0753,0,0.4,0.4,0.4,-10.2717,-0.4644,-4.4914,0.04,-10.2922,-5.4886,-4.4949,-0.03,-12.895,-2.9779,-4.4919,0.07
12.9,5.0245,3.6342,3.6157,0.0755,0,0.4,0.4,0.4,-10.2434,-0.4648,-4.4917,0.04,-10.2648,-5.4892,-4.4953,-0.02,-12.8673,-2.9792,-4.4917,0.07
13.0,5.0243,3.6353,3.6149,0.0757,0,0.4,0.4,0.4,-10.2148,-0.4654,-4.4922,0.05,-10.2371,-5.4897,-4.4954,-0.0,-12.8395,-2.9806,-4.4916,0.07
13.1,5.0243,3.6364,3.6143,0.076,0,0.4,0.4,0.4,-10.1862,-0.4658,-4.4926,0.06,-10.2091,-5.4901,-4.4954,0.02,-12.8116,-2.982,-4.4916,0.07
13.2,5.0246,3.6372,3.6139,0.0761,0,0.4,0.4,0.4,-10.1576,-0.4664,-4.4932,0.07,-10.1814,-5.4909,-4.4956,0.03,-12.7835,-2.9831,-4.4916,0.07
13.3,5.0248,3.6378,3.6133,0.076,0,0.4,0.4,0.4,-10.1291,-0.4669,-4.4938,0.08,-10.154,-5.4917,-4.4956,0.01,-12.7554,-2.9841,-4.4919,0.06
13.4,5.0249,3.6379,3.6124,0.0756,0,0.4,0.4,0.4,-10.1011,-0.4675,-4.494,0.08,-10.1267,-5.4924,-4.4956,0.01,-12.7272,-2.985,-4.4922,0.06
13.5,5.0247,3.6377,3.6112,0.0751,0,0.4,0.4,0.4,-10.0731,-0.4683,-4.4942,0.08,-10.0993,-5.493,-4.4956,0.02,-12.6986,-2.9861,-4.4926,0.06
13.6,5.0238,3.6374,3.6097,0.0746,0,0.4,0.4,0.4,-10.0452,-0.4695,-4.4944,0.08,-10.0717,-5.4932,-4.4957,0.03,-12.6701,-2.9874,-4.4931,0.06
13.7,5.0224,3.6373,3.6081,0.0743,0,0.4,0.4,0.4,-10.0171,-0.4707,-4.4944,0.09,-10.044,-5.493,-4.4961,0.02,-12.6418,-2.9889,-4.4936,0.06
13.8,5.021,3.6376,3.6065,0.0742,0,0.4,0.4,0.4,-9.9891,-0.4719,-4.4943,0.09,-10.0161,-5.4928,-4.4966,0.02,-12.6135,-2.9908,-4.4943,0.07
13.9,5.0205,3.6386,3.605,0.0742,0,0.4,0.4,0.4,-9.961,-0.4725,-4.4944,0.09,-9.9879,-5.4929,-4.4969,0.0,-12.5853,-2.9929,-4.4949,0.08
14.0,5.0204,3.6399,3.6041,0.0745,0,0.4,0.4,0.4,-9.9328,-0.4726,-4.4949,0.09,-9.9596,-5.4929,-4.497,-0.0,-12.5573,-2.9946,-4.4952,0.08
14.1,5.0204,3.6406,3.604,0.0748,0,0.4,0.4,0.4,-9.9047,-0.4727,-4.4954,0.08,-9.9312,-5.493,-4.4973,-0.01,-12.5295,-2.9955,-4.4952,0.09
14.2,5.0203,3.641,3.6047,0.0754,0,0.4,0.4,0.4,-9.8765,-0.4729,-4.496,0.07,-9.9029,-5.4931,-4.4975,-0.01,-12.502,-2.9954,-4.4954,0.09
14.3,5.0202,3.6414,3.6059,0.0761,0,0.4,0.4,0.4,-9.8481,-0.4728,-4.4966,0.06,-9.8746,-5.4929,-4.4981,-0.02,-12.4749,-2.9947,-4.4959,0.09
14.4,5.0208,3.6423,3.607,0.0768,0,0.4,0.4,0.4,-9.8199,-0.4722,-4.497,0.06,-9.8463,-5.4929,-4.4985,-0.02,-12.4477,-2.9942,-4.4964,0.07
14.5,5.021,3.6431,3.608,0.0776,0,0.4,0.4,0.4,-9.7919,-0.472,-4.4972,0.05,-9.818,-5.4929,-4.4989,-0.03,-12.4207,-2.9941,-4.4968,0.04
14.6,5.0208,3.6435,3.6085,0.0781,0,0.4,0.4,0.4,-9.764,-0.4722,-4.4974,0.05,-9.7899,-5.4929,-4.4989,-0.04,-12.3934,-2.9943,-4.4968,0.02
14.7,5.0203,3.6434,3.6089,0.0783,0,0.4,0.4,0.4,-9.7357,-0.4729,-4.4974,0.05,-9.7619,-5.4931,-4.4986,-0.06,-12.3657,-2.9943,-4.4969,-0.01
14.8,5.0196,3.6432,3.6098,0.0788,0,0.4,0.4,0.4,-9.7073,-0.4739,-4.4974,0.05,-9.7337,-5.4935,-4.4983,-0.06,-12.3382,-2.9941,-4.4973,-0.03
14.9,5.0187,3.6428,3.6114,0.0796,0,0.4,0.4,0.4,-9.679,-0.475,-4.4978,0.04,-9.705,-5.4937,-4.4976,-0.07,-12.311,-2.9934,-4.4977,-0.06
15.0,5.0179,3.6425,3.6135,0.0806,0,0.4,0.4,0.4,-9.6507,-0.4758,-4.4982,0.03,-9.6763,-5.4937,-4.4967,-0.08,-12.2841,-2.9923,-4.498,-0.08
15.1,5.0176,3.6426,3.6161,0.0818,0,0.4,0.4,0.4,-9.6223,-0.4761,-4.4986,0.02,-9.6475,-5.4937,-4.496,-0.09,-12.2575,-2.9909,-4.4984,-0.09
15.2,5.0177,3.6426,3.6192,0.0832,0,0.4,0.4,0.4,-9.5937,-0.4762,-4.4991,0.01,-9.6187,-5.4939,-4.4955,-0.09,-12.2309,-2.989,-4.4987,-0.09
15.3,5.0178,3.6423,3.6216,0.0841,0,0.4,0.4,0.4,-9.5651,-0.4764,-4.4993,0.01,-9.5902,-5.4941,-4.495,-0.1,-12.2037,-2.9871,-4.4993,-0.09
15.4,5.0178,3.6414,3.6237,0.0846,0,0.4,0.4,0.4,-9.5365,-0.4766,-4.4993,0.01,-9.5616,-5.4943,-4.4947,-0.1,-12.176,-2.9851,-4.4998,-0.09
15.5,5.0179,3.641,3.6255,0.0853,0,0.4,0.4,0.4,-9.5078,-0.4766,-4.499,0.01,-9.5327,-5.4944,-4.4949,-0.1,-12.1482,-2.9837,-4.4999,-0.09
15.6,5.0184,3.6411,3.6266,0.0857,0,0.4,0.4,0.4,-9.4795,-0.4762,-4.4984,0.0,-9.5038,-5.4946,-4.4953,-0.1,-12.1201,-2.9831,-4.4997,-0.09
15.7,5.0192,3.6409,3.6272,0.0856,0,0.4,0.4,0.4,-9.4511,-0.4757,-4.4977,-0.01,-9.4752,-5.4948,-4.4955,-0.09,-12.0915,-2.9826,-4.4995,-0.1
15.8,5.0198,3.64,3.6265,0.0847,0,0.4,0.4,0.4,-9.4229,-0.4752,-4.4971,-0.01,-9.4471,-5.4949,-4.4953,-0.09,-12.062,-2.9821,-4.4991,-0.1
15.9,5.0199,3.6388,3.6251,0.0834,0,0.4,0.4,0.4,-9.3949,-0.4748,-4.4964,-0.0,-9.4189,-5.4947,-4.4952,-0.08,-12.032,-2.9821,-4.4986,-0.13
16.0,5.0199,3.6379,3.6235,0.0823,0,0.4,0.4,0.4,-9.3672,-0.4746,-4.4956,-0.0,-9.3905,-5.4944,-4.4951,-0.07,-12.0022,-2.9828,-4.4983,-0.15
16.1,5.0202,3.6374,3.6222,0.0814,0,0.4,0.4,0.4,-9.3395,-0.4744,-4.4949,-0.0,-9.3624,-5.4945,-4.4948,-0.06,-11.9729,-2.9835,-4.4981,-0.16
16.2,5.0206,3.6369,3.6212,0.0806,0,0.4,0.4,0.4,-9.3117,-0.4741,-4.4943,0.0,-9.3344,-5.4947,-4.4944,-0.05,-11.9438,-2.9839,-4.4978,-0.15
16.3,5.0209,3.6361,3.621,0.08,0,0.4,0.4,0.4,-9.2838,-0.4741,-4.494,0.01,-9.3065,-5.495,-4.4942,-0.05,-11.9151,-2.9836,-4.4974,-0.13
16.4,5.0213,3.635,3.6216,0.0797,0,0.4,0.4,0.4,-9.256,-0.474,-4.4937,0.02,-9.2786,-5.4952,-4.4941,-0.04,-11.8867,-2.9825,-4.4972,-0.12
16.5,5.0212,3.634,3.6227,0.0798,0,0.4,0.4,0.4,-9.2277,-0.474,-4.4934,0.03,-9.2501,-5.4951,-4.4941,-0.03,-11.8585,-2.981,-4.4973,-0.1
16.6,5.0209,3.6327,3.6231,0.0795,0,0.4,0.4,0.4,-9.1997,-0.474,-4.4932,0.04,-9.2218,-5.4948,-4.4943,-0.01,-11.8298,-2.9798,-4.4972,-0.06
16.7,5.0207,3.6316,3.6231,0.079,0,0.4,0.4,0.4,-9.172,-0.4738,-4.4933,0.06,-9.1936,-5.4944,-4.4944,-0.0,-11.8012,-2.979,-4.4967,-0.03
16.8,5.021,3.6315,3.6227,0.0787,0,0.4,0.4,0.4,-9.144,-0.4733,-4.4934,0.08,-9.1656,-5.4942,-4.4945,0.01,-11.7727,-2.9789,-4.4959,-0.0
16.9,5.0218,3.6323,3.6222,0.0785,0,0.4,0.4,0.4,-9.1159,-0.4724,-4.4937,0.11,-9.1374,-5.4941,-4.4945,0.02,-11.7443,-2.9794,-4.4952,0.02
17.0,5.0231,3.6335,3.6218,0.0784,0,0.4,0.4,0.4,-9.0874,-0.4714,-4.494,0.13,-9.1089,-5.4945,-4.4944,0.03,-11.7158,-2.9802,-4.4947,0.03
17.1,5.0244,3.6348,3.6213,0.0784,0,0.4,0.4,0.4,-9.0589,-0.4706,-4.4946,0.13,-9.0806,-5.4949,-4.4942,0.03,-11.6873,-2.9812,-4.4945,0.05
17.2,5.0251,3.6363,3.6203,0.0784,0,0.4,0.4,0.4,-9.0304,-0.47,-4.4952,0.14,-9.0521,-5.4951,-4.4942,0.03,-11.6588,-2.9827,-4.4943,0.06
17.3,5.0255,3.6381,3.6188,0.0784,0,0.4,0.4,0.4,-9.0016,-0.4695,-4.4955,0.14,-9.0235,-5.4949,-4.4942,0.03,-11.6302,-2.9847,-4.4941,0.07
17.4,5.0258,3.6395,3.6167,0.0781,0,0.4,0.4,0.4,-8.973,-0.4689,-4.4959,0.17,-8.995,-5.4947,-4.4942,0.02,-11.601,-2.9868,-4.4941,0.08
17.5,5.0258,3.6403,3.6144,0.0775,0,0.4,0.4,0.4,-8.9446,-0.4685,-4.4963,0.2,-8.9665,-5.4943,-4.4944,0.02,-11.5715,-2.9887,-4.4943,0.09
17.6,5.026,3.6409,3.6125,0.0769,0,0.4,0.4,0.4,-8.9164,-0.468,-4.4963,0.22,-8.9377,-5.494,-4.4945,0.02,-11.542,-2.9905,-4.4945,0.1
17.7,5.0263,3.6412,3.6106,0.0761,0,0.4,0.4,0.4,-8.8882,-0.4675,-4.4964,0.23,-8.909,-5.4938,-4.4948,0.02,-11.5123,-2.9919,-4.4948,0.1
17.8,5.0267,3.641,3.6096,0.0755,0,0.4,0.4,0.4,-8.8601,-0.4672,-4.4967,0.23,-8.8808,-5.4939,-4.4952,0.03,-11.4831,-2.9925,-4.4951,0.09
17.9,5.0271,3.6407,3.6098,0.0753,0,0.4,0.4,0.4,-8.832,-0.4674,-4.4969,0.22,-8.8528,-5.4945,-4.4956,0.03,-11.4547,-2.9925,-4.4952,0.1
18.0,5.0277,3.6405,3.6107,0.0754,0,0.4,0.4,0.4,-8.8038,-0.4676,-4.4972,0.21,-8.8249,-5.4953,-4.4962,0.03,-11.4269,-2.992,-4.4952,0.1
18.1,5.0289,3.6408,3.612,0.0757,0,0.4,0.4,0.4,-8.7754,-0.4673,-4.4974,0.2,-8.7972,-5.4962,-4.4971,0.03,-11.3994,-2.9912,-4.4952,0.11
18.2,5.0307,3.6415,3.6137,0.0762,0,0.4,0.4,0.4,-8.7468,-0.4668,-4.4975,0.19,-8.7695,-5.4974,-4.4981,0.02,-11.3721,-2.9903,-4.4953,0.12
18.3,5.0321,3.6422,3.6155,0.0768,0,0.4,0.4,0.4,-8.7179,-0.4666,-4.4976,0.18,-8.7418,-5.4986,-4.499,0.01,-11.3449,-2.9895,-4.4954,0.13
18.4,5.0329,3.6428,3.6171,0.0775,0,0.4,0.4,0.4,-8.6891,-0.4666,-4.4973,0.17,-8.7137,-5.4995,-4.4997,0.01,-11.3175,-2.9888,-4.4952,0.13
18.5,5.0333,3.6432,3.6183,0.0782,0,0.4,0.4,0.4,-8.6603,-0.4666,-4.4966,0.16,-8.6851,-5.4999,-4.5003,0.0,-11.2898,-2.9883,-4.4952,0.12
18.6,5.0338,3.644,3.6193,0.0788,0,0.4,0.4,0.4,-8.6317,-0.4665,-4.4961,0.15,-8.6564,-5.5003,-4.5008,0.01,-11.2621,-2.9884,-4.4951,0.11
18.7,5.0346,3.6453,3.6196,0.0793,0,0.4,0.4,0.4,-8.6031,-0.4661,-4.496,0.15,-8.6278,-5.5007,-4.5014,0.02,-11.2342,-2.989,-4.4946,0.09
18.8,5.0355,3.6472,3.6194,0.0799,0,0.4,0.4,0.4,-8.574,-0.4656,-4.4961,0.14,-8.5996,-5.501,-4.5016,0.02,-11.2064,-2.9901,-4.4939,0.08
18.9,5.0359,3.6489,3.6187,0.0803,0,0.4,0.4,0.4,-8.5449,-0.4653,-4.4961,0.13,-8.5715,-5.5012,-4.5019,0.02,-11.1782,-2.9913,-4.4931,0.08
19.0,5.0361,3.6503,3.6173,0.0803,0,0.4,0.4,0.4,-8.5163,-0.465,-4.496,0.12,-8.5433,-5.5009,-4.5022,0.02,-11.1497,-2.9927,-4.4923,0.08
19.1,5.0366,3.6519,3.6161,0.0805,0,0.4,0.4,0.4,-8.488,-0.4642,-4.496,0.1,-8.5149,-5.5008,-4.5021,0.03,-11.1214,-2.9943,-4.4915,0.08
19.2,5.0381,3.654,3.6158,0.0811,0,0.4,0.4,0.4,-8.4597,-0.4629,-4.4962,0.11,-8.4861,-5.5009,-4.502,0.04,-11.0934,-2.9957,-4.4909,0.09
19.3,5.0397,3.6557,3.6162,0.0816,0,0.4,0.4,0.4,-8.4316,-0.4616,-4.4962,0.12,-8.4574,-5.5012,-4.502,0.05,-11.0657,-2.9965,-4.4905,0.09
19.4,5.0408,3.6566,3.6168,0.082,0,0.4,0.4,0.4,-8.4039,-0.4609,-4.4962,0.13,-8.4292,-5.5017,-4.502,0.05,-11.0382,-2.9969,-4.4903,0.09
19.5,5.0418,3.657,3.6179,0.0823,0,0.4,0.4,0.4,-8.3765,-0.4604,-4.4961,0.14,-8.4012,-5.5022,-4.5022,0.05,-11.0111,-2.9967,-4.4902,0.08
19.6,5.0421,3.6566,3.6194,0.0827,0,0.4,0.4,0.4,-8.3491,-0.4606,-4.4959,0.15,-8.3732,-5.5026,-4.5023,0.04,-10.984,-2.996,-4.49,0.09
19.7,5.0418,3.6557,3.6211,0.083,0,0.4,0.4,0.4,-8.3217,-0.4611,-4.4955,0.15,-8.345,-5.5029,-4.5024,0.03,-10.9569,-2.9948,-4.4898,0.09
19.8,5.0407,3.6546,3.623,0.0837,0,0.4,0.4,0.4,-8.2943,-0.462,-4.4951,0.16,-8.3167,-5.5027,-4.5023,0.03,-10.9302,-2.9936,-4.4894,0.1
19.9,5.0396,3.6534,3.6249,0.0842,0,0.4,0.4,0.4,-8.267,-0.463,-4.4946,0.16,-8.2885,-5.5026,-4.5022,0.03,-10.9034,-2.9921,-4.489,0.11
20.0,5.0392,3.6525,3.6267,0.0847,0,0.4,0.4,0.4,-8.2396,-0.4637,-4.4946,0.15,-8.2606,-5.5028,-4.502,0.02,-10.8765,-2.991,-4.4889,0.12
20.1,5.039,3.6519,3.6275,0.0848,0,0.4,0.4,0.4,-8.2122,-0.4641,-4.4944,0.14,-8.2327,-5.5031,-4.5016,0.02,-10.8491,-2.9906,-4.4888,0.12
20.2,5.0391,3.6522,3.6274,0.0849,0,0.4,0.4,0.4,-8.1848,-0.4638,-4.4938,0.14,-8.2048,-5.5029,-4.5013,0.01,-10.8215,-2.9908,-4.4887,0.11
20.3,5.039,3.6524,3.6267,0.0848,0,0.4,0.4,0.4,-8.1573,-0.4634,-4.4932,0.14,-8.1766,-5.5023,-4.5012,0.0,-10.7935,-2.9913,-4.4885,0.09
20.4,5.0388,3.6526,3.626,0.0846,0,0.4,0.4,0.4,-8.1297,-0.4631,-4.4927,0.14,-8.1482,-5.5019,-4.5011,-0.01,-10.7651,-2.9921,-4.4884,0.07
20.5,5.0389,3.6528,3.6257,0.0846,0,0.4,0.4,0.4,-8.1017,-0.4628,-4.4923,0.14,-8.1192,-5.5016,-4.501,-0.01,-10.7366,-2.9927,-4.4886,0.05
20.6,5.0392,3.6536,3.6261,0.085,0,0.4,0.4,0.4,-8.0733,-0.4623,-4.4923,0.14,-8.0897,-5.5014,-4.5009,-0.01,-10.7083,-2.9932,-4.4892,0.04
20.7,5.0396,3.6546,3.6271,0.0858,0,0.4,0.4,0.4,-8.0447,-0.4616,-4.4925,0.12,-8.0597,-5.5013,-4.5005,-0.01,-10.6802,-2.9935,-4.4902,0.05
20.8,5.0403,3.6554,3.6285,0.0866,0,0.4,0.4,0.4,-8.0162,-0.4612,-4.4927,0.11,-8.03,-5.5014,-4.5001,-0.01,-10.6523,-2.9935,-4.4912,0.06
20.9,5.0414,3.6561,3.6305,0.0874,0,0.4,0.4,0.4,-7.9877,-0.4605,-4.4927,0.1,-8.0006,-5.5018,-4.4996,-0.01,-10.6247,-2.993,-4.4919,0.06
21.0,5.0422,3.6568,3.6324,0.0883,0,0.4,0.4,0.4,-7.9593,-0.4597,-4.4928,0.1,-7.9712,-5.5019,-4.4991,-0.0,-10.5972,-2.9922,-4.4925,0.05
21.1,5.0427,3.658,3.6342,0.0895,0,0.4,0.4,0.4,-7.9305,-0.4589,-4.493,0.1,-7.942,-5.5017,-4.4986,0.01,-10.57,-2.9915,-4.4929,0.04
21.2,5.0434,3.6595,3.6354,0.0906,0,0.4,0.4,0.4,-7.9019,-0.4578,-4.4933,0.1,-7.9131,-5.5011,-4.4979,0.02,-10.5429,-2.991,-4.4934,0.02
21.3,5.0441,3.6603,3.6366,0.0912,0,0.4,0.4,0.4,-7.8733,-0.4566,-4.4936,0.11,-7.8844,-5.5007,-4.4972,0.03,-10.5152,-2.99,-4.4938,0.02
21.4,5.0445,3.6603,3.6376,0.0915,0,0.4,0.4,0.4,-7.8445,-0.4555,-4.4938,0.11,-7.8555,-5.5,-4.4968,0.04,-10.4868,-2.9884,-4.4942,0.03
21.5,5.0446,3.659,3.6385,0.0912,0,0.4,0.4,0.4,-7.8157,-0.4549,-4.4941,0.11,-7.8269,-5.4995,-4.496,0.03,-10.4578,-2.9862,-4.4944,0.03
21.6,5.0446,3.6567,3.6393,0.0905,0,0.4,0.4,0.4,-7.7869,-0.4548,-4.4943,0.1,-7.7987,-5.4993,-4.4953,0.03,-10.4284,-2.9835,-4.4947,0.04
21.7,5.0446,3.6545,3.6396,0.0895,0,0.4,0.4,0.4,-7.7581,-0.4544,-4.4942,0.11,-7.7706,-5.499,-4.4948,0.02,-10.3986,-2.981,-4.4951,0.05
21.8,5.0444,3.6531,3.6393,0.0888,0,0.4,0.4,0.4,-7.7295,-0.4542,-4.494,0.11,-7.7422,-5.4986,-4.4944,0.02,-10.369,-2.9797,-4.4953,0.06
21.9,5.0442,3.6519,3.6385,0.0879,0,0.4,0.4,0.4,-7.7012,-0.4542,-4.4937,0.1,-7.7136,-5.4984,-4.4938,0.02,-10.3392,-2.9795,-4.4956,0.07
22.0,5.044,3.6508,3.6371,0.0869,0,0.4,0.4,0.4,-7.6731,-0.4544,-4.4931,0.09,-7.685,-5.4984,-4.4934,0.01,-10.3093,-2.9801,-4.4958,0.08
22.1,5.0435,3.6501,3.6356,0.086,0,0.4,0.4,0.4,-7.6451,-0.4548,-4.4925,0.09,-7.6563,-5.4983,-4.4933,0.02,-10.2796,-2.9811,-4.4961,0.09
22.2,5.0428,3.6496,3.6338,0.0852,0,0.4,0.4,0.4,-7.6172,-0.4549,-4.4919,0.09,-7.6278,-5.4978,-4.4932,0.03,-10.2501,-2.9822,-4.4966,0.1
22.3,5.0425,3.6497,3.6317,0.0844,0,0.4,0.4,0.4,-7.5891,-0.4548,-4.4915,0.09,-7.5994,-5.4973,-4.4929,0.05,-10.2206,-2.9837,-4.4969,0.11
22.4,5.0428,3.6505,3.6296,0.0839,0,0.4,0.4,0.4,-7.561,-0.4542,-4.491,0.08,-7.5714,-5.497,-4.4928,0.05,-10.1916,-2.9853,-4.4967,0.12
22.5,5.0433,3.6516,3.6285,0.0838,0,0.4,0.4,0.4,-7.533,-0.4537,-4.4904,0.08,-7.5434,-5.497,-4.493,0.05,-10.1633,-2.9866,-4.4963,0.11
22.6,5.0438,3.6529,3.6279,0.0841,0,0.4,0.4,0.4,-7.505,-0.4532,-4.4898,0.08,-7.5152,-5.497,-4.4932,0.05,-10.1355,-2.9878,-4.4961,0.11
22.7,5.0445,3.6543,3.6281,0.0846,0,0.4,0.4,0.4,-7.4767,-0.4526,-4.4897,0.09,-7.4868,-5.4971,-4.493,0.06,-10.1078,-2.9885,-4.4958,0.12
22.8,5.045,3.6551,3.6287,0.0851,0,0.4,0.4,0.4,-7.4485,-0.4524,-4.4896,0.09,-7.4584,-5.4974,-4.4924,0.07,-10.0803,-2.9888,-4.4954,0.11
22.9,5.0451,3.655,3.6296,0.0854,0,0.4,0.4,0.4,-7.4205,-0.4525,-4.4897,0.08,-7.4301,-5.4976,-4.4917,0.08,-10.0527,-2.9884,-4.4949,0.1
23.0,5.0449,3.6548,3.631,0.0859,0,0.4,0.4,0.4,-7.3922,-0.4527,-4.4897,0.08,-7.4018,-5.4976,-4.4916,0.09,-10.0253,-2.9873,-4.4944,0.1
23.1,5.0448,3.655,3.6323,0.0866,0,0.4,0.4,0.4,-7.3639,-0.4523,-4.4895,0.09,-7.3737,-5.4972,-4.4917,0.11,-9.9982,-2.9861,-4.494,0.1
23.2,5.0453,3.6557,3.6337,0.0874,0,0.4,0.4,0.4,-7.3356,-0.4516,-4.4894,0.08,-7.3458,-5.4969,-4.4918,0.13,-9.9713,-2.9849,-4.4937,0.1
23.3,5.0462,3.6568,3.6353,0.0883,0,0.4,0.4,0.4,-7.3072,-0.4508,-4.4893,0.08,-7.3175,-5.497,-4.4921,0.13,-9.9444,-2.9841,-4.4936,0.1
23.4,5.0478,3.6583,3.6367,0.0891,0,0.4,0.4,0.4,-7.2787,-0.4495,-4.4894,0.07,-7.2892,-5.4974,-4.4924,0.12,-9.9172,-2.9836,-4.4935,0.1
23.5,5.0493,3.66,3.6379,0.09,0,0.4,0.4,0.4,-7.25,-0.4484,-4.4894,0.08,-7.2611,-5.4977,-4.4929,0.11,-9.8901,-2.9832,-4.493,0.11
23.6,5.0507,3.6613,3.6389,0.0906,0,0.4,0.4,0.4,-7.2216,-0.4477,-4.4896,0.09,-7.2333,-5.4984,-4.4937,0.09,-9.8629,-2.9831,-4.493,0.12
23.7,5.0516,3.6622,3.639,0.0908,0,0.4,0.4,0.4,-7.1933,-0.4471,-4.4898,0.09,-7.2056,-5.4987,-4.4947,0.09,-9.8353,-2.9832,-4.4934,0.14
23.8,5.0525,3.6634,3.6386,0.0909,0,0.4,0.4,0.4,-7.165,-0.4462,-4.4904,0.08,-7.178,-5.4987,-4.4957,0.09,-9.8073,-2.9837,-4.494,0.15
23.9,5.0533,3.6645,3.638,0.0909,0,0.4,0.4,0.4,-7.1367,-0.4453,-4.4909,0.07,-7.15,-5.4986,-4.4968,0.1,-9.7792,-2.9841,-4.4945,0.15
24.0,5.0539,3.6651,3.638,0.0911,0,0.4,0.4,0.4,-7.1084,-0.4449,-4.4913,0.06,-7.1216,-5.4987,-4.4977,0.09,-9.751,-2.9845,-4.4951,0.15
24.1,5.0543,3.6656,3.6376,0.091,0,0.4,0.4,0.4,-7.0801,-0.4446,-4.4919,0.06,-7.0934,-5.4989,-4.4984,0.07,-9.7226,-2.9851,-4.4957,0.15
24.2,5.0543,3.666,3.6367,0.0908,0,0.4,0.4,0.4,-7.0518,-0.4444,-4.4927,0.05,-7.0653,-5.4987,-4.4993,0.07,-9.6941,-2.9857,-4.4962,0.16
24.3,5.0539,3.6664,3.6357,0.0907,0,0.4,0.4,0.4,-7.0237,-0.4442,-4.4934,0.05,-7.0371,-5.4981,-4.5001,0.06,-9.6657,-2.9863,-4.4968,0.16
24.4,5.0533,3.6667,3.6347,0.0907,0,0.4,0.4,0.4,-6.9957,-0.4441,-4.4939,0.05,-7.0091,-5.4974,-4.5005,0.06,-9.6374,-2.9868,-4.4976,0.16
24.5,5.0525,3.6669,3.6337,0.0907,0,0.4,0.4,0.4,-6.9676,-0.4442,-4.4944,0.05,-6.9811,-5.4966,-4.5011,0.06,-9.6093,-2.9873,-4.4982,0.16
24.6,5.0512,3.6668,3.6328,0.0906,0,0.4,0.4,0.4,-6.9395,-0.4444,-4.4946,0.05,-6.9532,-5.4955,-4.5016,0.06,-9.5812,-2.9874,-4.4986,0.17
24.7,5.0499,3.6664,3.6321,0.0905,0,0.4,0.4,0.4,-6.9115,-0.4447,-4.4946,0.04,-6.9253,-5.4945,-4.5021,0.05,-9.5531,-2.9872,-4.4988,0.17
24.8,5.0481,3.6658,3.6313,0.0905,0,0.4,0.4,0.4,-6.8835,-0.4455,-4.4945,0.03,-6.8975,-5.4936,-4.5026,0.05,-9.5251,-2.9872,-4.4988,0.18
24.9,5.0462,3.6653,3.6304,0.0905,0,0.4,0.4,0.4,-6.8553,-0.4467,-4.4943,0.02,-6.8698,-5.4929,-4.5031,0.05,-9.4971,-2.9875,-4.4985,0.2
25.0,5.0444,3.6649,3.6295,0.0905,0,0.4,0.4,0.4,-6.8267,-0.4478,-4.494,0.02,-6.842,-5.4922,-4.5039,0.04,-9.4689,-2.9877,-4.4981,0.2
25.1,5.0429,3.6649,3.6284,0.0904,0,0.4,0.4,0.4,-6.7981,-0.4489,-4.4937,0.0,-6.8142,-5.4917,-4.5046,0.04,-9.4406,-2.9882,-4.4979,0.2
25.2,5.0414,3.6649,3.627,0.0903,0,0.4,0.4,0.4,-6.7696,-0.4497,-4.4935,-0.01,-6.7862,-5.491,-4.5051,0.03,-9.4121,-2.9891,-4.498,0.19
25.3,5.0399,3.6644,3.6253,0.0899,0,0.4,0.4,0.4,-6.7417,-0.4504,-4.4934,-0.03,-6.7584,-5.4902,-4.5056,0.02,-9.3834,-2.9899,-4.4982,0.17
25.4,5.0385,3.6636,3.6239,0.0894,0,0.4,0.4,0.4,-6.714,-0.4512,-4.4933,-0.04,-6.7303,-5.4897,-4.5062,0.0,-9.3547,-2.9906,-4.4982,0.16
25.5,5.0378,3.6627,3.6231,0.0889,0,0.4,0.4,0.4,-6.6864,-0.4521,-4.4933,-0.04,-6.7021,-5.4899,-4.5066,-0.02,-9.3259,-2.9914,-4.498,0.16
25.6,5.0376,3.662,3.6226,0.0884,0,0.4,0.4,0.4,-6.6583,-0.4528,-4.4933,-0.04,-6.6738,-5.4903,-4.5068,-0.04,-9.297,-2.992,-4.4975,0.15
25.7,5.0381,3.6614,3.6227,0.088,0,0.4,0.4,0.4,-6.6305,-0.453,-4.4933,-0.04,-6.6452,-5.4911,-4.507,-0.05,-9.2682,-2.9923,-4.4974,0.13
25.8,5.0386,3.66,3.6231,0.0873,0,0.4,0.4,0.4,-6.603,-0.4531,-4.4936,-0.05,-6.6167,-5.4917,-4.5068,-0.05,-9.2392,-2.992,-4.4971,0.1
25.9,5.0392,3.6581,3.6238,0.0864,0,0.4,0.4,0.4,-6.5755,-0.4531,-4.4942,-0.05,-6.588,-5.4923,-4.5062,-0.03,-9.21,-2.991,-4.4966,0.09
26.0,5.0392,3.6554,3.6249,0.0855,0,0.4,0.4,0.4,-6.548,-0.4535,-4.495,-0.04,-6.5593,-5.4927,-4.5054,-0.02,-9.1809,-2.9893,-4.4966,0.09
26.1,5.0387,3.6524,3.6263,0.0847,0,0.4,0.4,0.4,-6.5205,-0.4543,-4.4955,-0.04,-6.5307,-5.493,-4.5049,-0.02,-9.152,-2.9872,-4.4969,0.1
26.2,5.0381,3.6493,3.6278,0.084,0,0.4,0.4,0.4,-6.4932,-0.4549,-4.4957,-0.02,-6.5023,-5.4929,-4.5046,-0.01,-9.1233,-2.9848,-4.4969,0.11
26.3,5.0377,3.6467,3.6293,0.0835,0,0.4,0.4,0.4,-6.4657,-0.4553,-4.4959,-0.01,-6.474,-5.4931,-4.504,-0.0,-9.0948,-2.9824,-4.4967,0.12
26.4,5.0378,3.6449,3.6312,0.0835,0,0.4,0.4,0.4,-6.438,-0.4557,-4.496,-0.01,-6.4456,-5.4935,-4.5036,0.01,-9.0668,-2.9806,-4.4966,0.13
26.5,5.0376,3.6433,3.633,0.0835,0,0.4,0.4,0.4,-6.4105,-0.4561,-4.4962,-0.01,-6.4168,-5.4937,-4.5033,0.03,-9.0389,-2.979,-4.4971,0.13
26.6,5.037,3.6415,3.6339,0.0833,0,0.4,0.4,0.4,-6.383,-0.4565,-4.4962,-0.03,-6.3883,-5.4935,-4.5032,0.04,-9.0105,-2.9776,-4.4974,0.12
26.7,5.0361,3.64,3.6337,0.0828,0,0.4,0.4,0.4,-6.3555,-0.4564,-4.4961,-0.04,-6.3598,-5.4926,-4.5033,0.04,-8.9818,-2.9768,-4.4975,0.11
26.8,5.0356,3.6388,3.6333,0.0822,0,0.4,0.4,0.4,-6.328,-0.4561,-4.4958,-0.04,-6.3312,-5.4917,-4.5032,0.03,-8.9529,-2.9763,-4.4974,0.1
26.9,5.0357,3.638,3.6328,0.0816,0,0.4,0.4,0.4,-6.3006,-0.4557,-4.4954,-0.03,-6.3027,-5.4914,-4.5027,0.03,-8.924,-2.9762,-4.4971,0.1
27.0,5.036,3.6375,3.6324,0.0811,0,0.4,0.4,0.4,-6.2732,-0.4553,-4.4951,-0.02,-6.2747,-5.4912,-4.5021,0.02,-8.8955,-2.9761,-4.4969,0.11
27.1,5.0367,3.6373,3.6321,0.0806,0,0.4,0.4,0.4,-6.2458,-0.4547,-4.4949,-0.01,-6.247,-5.4913,-4.5015,0.02,-8.8673,-2.9762,-4.4966,0.12
27.2,5.0378,3.6373,3.6326,0.0805,0,0.4,0.4,0.4,-6.2187,-0.454,-4.4949,-0.0,-6.219,-5.4918,-4.501,0.03,-8.8395,-2.9761,-4.4964,0.12
27.3,5.0388,3.6371,3.6339,0.0807,0,0.4,0.4,0.4,-6.1912,-0.4535,-4.4952,-0.01,-6.1907,-5.4923,-4.5006,0.04,-8.8119,-2.9755,-4.496,0.11
27.4,5.0398,3.6366,3.6357,0.081,0,0.4,0.4,0.4,-6.1638,-0.4532,-4.4956,-0.01,-6.1622,-5.4929,-4.5004,0.03,-8.7844,-2.9746,-4.4954,0.1
27.5,5.0405,3.6355,3.6376,0.0811,0,0.4,0.4,0.4,-6.1366,-0.4531,-4.496,-0.02,-6.134,-5.4936,-4.5004,0.03,-8.7569,-2.9732,-4.4952,0.09
27.6,5.0414,3.6347,3.6395,0.0813,0,0.4,0.4,0.4,-6.1091,-0.453,-4.4961,-0.02,-6.106,-5.4944,-4.5002,0.02,-8.7295,-2.9718,-4.4948,0.09
27.7,5.0426,3.6342,3.6418,0.0818,0,0.4,0.4,0.4,-6.0813,-0.4528,-4.4957,-0.03,-6.0778,-5.4954,-4.4997,0.02,-8.7021,-2.9705,-4.4945,0.09
27.8,5.0434,3.6338,3.6441,0.0824,0,0.4,0.4,0.4,-6.0533,-0.4529,-4.495,-0.02,-6.0493,-5.4963,-4.4992,0.02,-8.6748,-2.9692,-4.4944,0.08
27.9,5.0439,3.633,3.646,0.0828,0,0.4,0.4,0.4,-6.0252,-0.453,-4.4944,-0.02,-6.0211,-5.4969,-4.4988,0.02,-8.6472,-2.9677,-4.4942,0.07
28.0,5.0442,3.6325,3.6471,0.0831,0,0.4,0.4,0.4,-5.9969,-0.4531,-4.4937,-0.01,-5.9928,-5.4973,-4.4984,0.01,-8.6191,-2.9668,-4.494,0.08
28.1,5.0445,3.6324,3.6474,0.0831,0,0.4,0.4,0.4,-5.9683,-0.4532,-4.4929,-0.0,-5.9644,-5.4977,-4.4978,0.01,-8.5906,-2.9666,-4.4939,0.08
28.2,5.0447,3.6324,3.6471,0.0828,0,0.4,0.4,0.4,-5.9399,-0.4533,-4.4924,0.0,-5.9361,-5.498,-4.4971,0.01,-8.5619,-2.967,-4.494,0.07
28.3,5.0448,3.6324,3.6459,0.0823,0,0.4,0.4,0.4,-5.9118,-0.4531,-4.4923,0.01,-5.9081,-5.4979,-4.4962,0.0,-8.5331,-2.9677,-4.4942,0.06
28.4,5.045,3.6327,3.644,0.0814,0,0.4,0.4,0.4,-5.8836,-0.4528,-4.4924,0.02,-5.8803,-5.4978,-4.4952,-0.01,-8.5039,-2.9689,-4.4944,0.05
28.5,5.0451,3.6333,3.6424,0.0809,0,0.4,0.4,0.4,-5.8554,-0.4527,-4.4926,0.01,-5.8523,-5.4977,-4.4943,-0.0,-8.4751,-2.9703,-4.4946,0.03
28.6,5.0448,3.6336,3.6418,0.0808,0,0.4,0.4,0.4,-5.8268,-0.4529,-4.4929,0.0,-5.8242,-5.4978,-4.4936,-0.0,-8.4466,-2.9708,-4.4946,0.01
28.7,5.0446,3.6337,3.6419,0.081,0,0.4,0.4,0.4,-5.7981,-0.4533,-4.4933,-0.01,-5.796,-5.4978,-4.4931,0.01,-8.4185,-2.9708,-4.4946,-0.01
28.8,5.0446,3.6339,3.6423,0.0813,0,0.4,0.4,0.4,-5.7693,-0.4534,-4.4935,-0.02,-5.7679,-5.4979,-4.4929,0.01,-8.3904,-2.9703,-4.4948,-0.03
28.9,5.0445,3.6336,3.6432,0.0816,0,0.4,0.4,0.4,-5.7405,-0.4535,-4.4935,-0.02,-5.7395,-5.498,-4.4928,0.01,-8.3623,-2.9693,-4.4949,-0.05
29.0,5.0438,3.6329,3.6445,0.0822,0,0.4,0.4,0.4,-5.7119,-0.4539,-4.4936,-0.02,-5.7109,-5.4978,-4.4927,0.01,-8.3344,-2.968,-4.4949,-0.06
29.1,5.0426,3.6323,3.6454,0.0828,0,0.4,0.4,0.4,-5.6834,-0.4545,-4.4937,-0.02,-5.6822,-5.4971,-4.4926,0.0,-8.3066,-2.9669,-4.4948,-0.08
29.2,5.041,3.6318,3.6458,0.0832,0,0.4,0.4,0.4,-5.6552,-0.4548,-4.4937,-0.02,-5.6535,-5.4958,-4.4929,-0.01,-8.2787,-2.966,-4.4947,-0.08
29.3,5.0387,3.6311,3.6458,0.0836,0,0.4,0.4,0.4,-5.6269,-0.4555,-4.4937,-0.0,-5.6246,-5.4941,-4.4934,-0.01,-8.2509,-2.9654,-4.4947,-0.08
29.4,5.0359,3.6306,3.6459,0.0844,0,0.4,0.4,0.4,-5.5981,-0.4564,-4.4938,0.01,-5.5957,-5.4923,-4.4937,0.0,-8.2231,-2.9645,-4.4949,-0.08
29.5,5.0335,3.631,3.646,0.0854,0,0.4,0.4,0.4,-5.5693,-0.4568,-4.494,0.02,-5.5671,-5.4903,-4.4941,0.02,-8.1959,-2.9638,-4.4946,-0.06
29.6,5.0314,3.6321,3.6456,0.0863,0,0.4,0.4,0.4,-5.5408,-0.4568,-4.4943,0.03,-5.5387,-5.4882,-4.4946,0.03,-8.1689,-2.9638,-4.4942,-0.05
29.7,5.0296,3.6335,3.6444,0.0869,0,0.4,0.4,0.4,-5.5123,-0.4568,-4.4947,0.03,-5.5103,-5.4864,-4.4951,0.04,-8.1414,-2.9648,-4.4939,-0.04
29.8,5.0282,3.6353,3.6423,0.0871,0,0.4,0.4,0.4,-5.4835,-0.4567,-4.4951,0.02,-5.482,-5.4849,-4.4957,0.06,-8.1133,-2.9665,-4.4936,-0.02
29.9,5.0273,3.6364,3.6393,0.0865,0,0.4,0.4,0.4,-5.4547,-0.4563,-4.4953,0.02,-5.4542,-5.4836,-4.4964,0.07,-8.0842,-2.9681,-4.4935,-0.0
30.0,5.0271,3.6364,3.6366,0.0853,0,0.4,0.4,0.4,-5.4261,-0.4556,-4.4953,0.02,-5.4265,-5.4827,-4.4968,0.07,-8.0543,-2.9688,-4.4938,0.01
30.1,5.0276,3.636,3.6343,0.0839,0,0.4,0.4,0.4,-5.3976,-0.4547,-4.4949,0.02,-5.3988,-5.4823,-4.4972,0.07,-8.024,-2.9691,-4.4943,0.02
30.2,5.0281,3.6355,3.6318,0.0824,0,0.4,0.4,0.4,-5.3694,-0.4537,-4.4945,0.02,-5.3711,-5.4818,-4.4974,0.07,-7.9938,-2.9695,-4.4952,0.03
30.3,5.0287,3.6351,3.629,0.0808,0,0.4,0.4,0.4,-5.3413,-0.4527,-4.4942,0.03,-5.3435,-5.4815,-4.4977,0.07,-7.9635,-2.9704,-4.496,0.04
30.4,5.0295,3.6345,3.6268,0.0792,0,0.4,0.4,0.4,-5.3134,-0.452,-4.4937,0.03,-5.3158,-5.4816,-4.4979,0.06,-7.9334,-2.9712,-4.4968,0.04
30.5,5.0301,3.6342,3.6254,0.0782,0,0.4,0.4,0.4,-5.2857,-0.4515,-4.4935,0.02,-5.2879,-5.4816,-4.4976,0.07,-7.904,-2.9718,-4.4975,0.04
30.6,5.0308,3.6349,3.6243,0.0779,0,0.4,0.4,0.4,-5.2577,-0.4507,-4.4935,0.02,-5.26,-5.4815,-4.4972,0.06,-7.8755,-2.9725,-4.4977,0.04
30.7,5.032,3.6364,3.6243,0.0783,0,0.4,0.4,0.4,-5.2295,-0.4495,-4.4935,0.02,-5.2316,-5.4815,-4.4967,0.05,-7.8477,-2.9731,-4.4978,0.04
30.8,5.0333,3.6381,3.625,0.079,0,0.4,0.4,0.4,-5.2012,-0.4481,-4.4936,0.02,-5.203,-5.4814,-4.4962,0.04,-7.8202,-2.9732,-4.4978,0.03
30.9,5.0346,3.6396,3.6262,0.0798,0,0.4,0.4,0.4,-5.1731,-0.4466,-4.4934,0.02,-5.1741,-5.4812,-4.4955,0.02,-7.7929,-2.9731,-4.4976,0.03
31.0,5.0358,3.6409,3.6274,0.0806,0,0.4,0.4,0.4,-5.1452,-0.4452,-4.4932,0.02,-5.1454,-5.4809,-4.495,-0.01,-7.7658,-2.9727,-4.4971,0.03
31.1,5.037,3.6419,3.6288,0.0814,0,0.4,0.4,0.4,-5.1177,-0.4439,-4.4928,0.02,-5.1169,-5.4808,-4.4945,-0.03,-7.739,-2.9722,-4.4965,0.02
31.2,5.0377,3.6425,3.6302,0.082,0,0.4,0.4,0.4,-5.0902,-0.443,-4.4924,0.01,-5.0885,-5.4808,-4.4941,-0.05,-7.712,-2.9716,-4.4961,0.0
31.3,5.038,3.6425,3.6317,0.0826,0,0.4,0.4,0.4,-5.0628,-0.4426,-4.4921,-0.0,-5.0601,-5.4806,-4.4936,-0.07,-7.685,-2.9708,-4.4963,-0.01
31.4,5.0382,3.6421,3.6337,0.0833,0,0.4,0.4,0.4,-5.0353,-0.4424,-4.4919,-0.01,-5.0315,-5.4806,-4.4931,-0.08,-7.658,-2.9695,-4.4966,-0.02
31.5,5.0382,3.6414,3.6359,0.0839,0,0.4,0.4,0.4,-5.0078,-0.4425,-4.4916,-0.02,-5.0028,-5.4807,-4.4928,-0.09,-7.6309,-2.9681,-4.497,-0.03
31.6,5.0386,3.6402,3.6381,0.0842,0,0.4,0.4,0.4,-4.9803,-0.4424,-4.4912,-0.03,-4.9743,-5.481,-4.4923,-0.1,-7.6034,-2.9664,-4.4976,-0.03
31.7,5.0396,3.639,3.6405,0.0845,0,0.4,0.4,0.4,-4.9524,-0.4421,-4.4907,-0.04,-4.9457,-5.4816,-4.4919,-0.12,-7.5756,-2.9643,-4.4981,-0.03
31.8,5.0407,3.6378,3.6426,0.0845,0,0.4,0.4,0.4,-4.9242,-0.4415,-4.4903,-0.05,-4.9171,-5.4822,-4.4916,-0.15,-7.5473,-2.9621,-4.4984,-0.02
31.9,5.0416,3.6366,3.6438,0.0843,0,0.4,0.4,0.4,-4.8958,-0.4409,-4.4901,-0.06,-4.889,-5.4825,-4.4916,-0.17,-7.5186,-2.9601,-4.4986,-0.01
32.0,5.0423,3.6363,3.6445,0.0843,0,0.4,0.4,0.4,-4.8671,-0.4405,-4.4899,-0.07,-4.861,-5.4828,-4.4918,-0.19,-7.4901,-2.9589,-4.4988,-0.0
32.1,5.0433,3.637,3.6453,0.0846,0,0.4,0.4,0.4,-4.8382,-0.4399,-4.4898,-0.08,-4.8328,-5.4831,-4.492,-0.2,-7.4621,-2.9583,-4.4986,-0.0
32.2,5.044,3.6379,3.6455,0.0849,0,0.4,0.4,0.4,-4.8097,-0.4393,-4.4898,-0.08,-4.8048,-5.4833,-4.4922,-0.19,-7.4343,-2.9583,-4.498,0.0
32.3,5.0444,3.639,3.6455,0.0852,0,0.4,0.4,0.4,-4.7815,-0.4387,-4.4899,-0.09,-4.7767,-5.4831,-4.4925,-0.19,-7.4067,-2.9588,-4.4974,0.0
32.4,5.0444,3.6404,3.6452,0.0857,0,0.4,0.4,0.4,-4.7534,-0.4383,-4.4902,-0.1,-4.7487,-5.4827,-4.493,-0.18,-7.3794,-2.9594,-4.4967,-0.0
32.5,5.0445,3.6421,3.6457,0.0866,0,0.4,0.4,0.4,-4.7252,-0.4378,-4.4905,-0.1,-4.7201,-5.4823,-4.4934,-0.15,-7.3525,-2.96,-4.496,-0.01
32.6,5.0447,3.6438,3.6469,0.0879,0,0.4,0.4,0.4,-4.697,-0.4372,-4.4904,-0.09,-4.6911,-5.4819,-4.4938,-0.13,-7.3259,-2.9604,-4.4954,-0.02
32.7,5.0446,3.6449,3.6484,0.0891,0,0.4,0.4,0.4,-4.6686,-0.437,-4.4904,-0.08,-4.6621,-5.4817,-4.4942,-0.12,-7.299,-2.9602,-4.495,-0.03
32.8,5.0442,3.6453,3.65,0.0902,0,0.4,0.4,0.4,-4.6404,-0.4372,-4.4904,-0.08,-4.633,-5.4814,-4.4948,-0.1,-7.2719,-2.9598,-4.4946,-0.03
32.9,5.0437,3.6444,3.6517,0.0907,0,0.4,0.4,0.4,-4.6124,-0.4376,-4.4905,-0.07,-4.6039,-5.4813,-4.4953,-0.08,-7.2442,-2.9586,-4.4943,-0.02
33.0,5.0435,3.6425,3.6535,0.0907,0,0.4,0.4,0.4,-4.5847,-0.4381,-4.4903,-0.08,-4.5751,-5.4815,-4.4953,-0.07,-7.2159,-2.9569,-4.4944,-0.02
33.1,5.0437,3.6411,3.6551,0.0908,0,0.4,0.4,0.4,-4.5566,-0.4381,-4.4898,-0.09,-4.5464,-5.4817,-4.4952,-0.07,-7.1876,-2.9551,-4.4947,-0.02
33.2,5.0436,3.6396,3.6567,0.0909,0,0.4,0.4,0.4,-4.5283,-0.4381,-4.4895,-0.1,-4.5177,-5.4817,-4.4952,-0.07,-7.1592,-2.9531,-4.4954,-0.03
33.3,5.0436,3.6382,3.6579,0.0909,0,0.4,0.4,0.4,-4.4999,-0.4382,-4.4891,-0.1,-4.4891,-5.4818,-4.495,-0.07,-7.1306,-2.9514,-4.496,-0.05
33.4,5.044,3.6366,3.6584,0.0903,0,0.4,0.4,0.4,-4.4717,-0.438,-4.4891,-0.1,-4.4605,-5.482,-4.4947,-0.07,-7.1012,-2.9501,-4.4964,-0.07
33.5,5.0435,3.6346,3.6574,0.0891,0,0.4,0.4,0.4,-4.4436,-0.4381,-4.4892,-0.1,-4.4317,-5.4816,-4.4946,-0.05,-7.0709,-2.9496,-4.4965,-0.1
33.6,5.0429,3.6329,3.6561,0.088,0,0.4,0.4,0.4,-4.4153,-0.4384,-4.4892,-0.1,-4.4027,-5.4812,-4.4945,-0.03,-7.0404,-2.9496,-4.4969,-0.12
33.7,5.0427,3.6314,3.6549,0.0868,0,0.4,0.4,0.4,-4.3867,-0.4386,-4.489,-0.1,-4.3739,-5.4813,-4.4942,-0.02,-7.0101,-2.9496,-4.4973,-0.15
33.8,5.0427,3.63,3.6541,0.0858,0,0.4,0.4,0.4,-4.3579,-0.439,-4.4889,-0.1,-4.3455,-5.4816,-4.494,-0.01,-6.9799,-2.9494,-4.4978,-0.17
33.9,5.0426,3.6287,3.6536,0.0851,0,0.4,0.4,0.4,-4.3292,-0.4392,-4.4893,-0.09,-4.3172,-5.4818,-4.4943,0.01,-6.9501,-2.9487,-4.4983,-0.17
34.0,5.0429,3.6275,3.6536,0.0845,0,0.4,0.4,0.4,-4.3008,-0.4387,-4.4897,-0.08,-4.2887,-5.4817,-4.4946,0.03,-6.9207,-2.9476,-4.4985,-0.16
34.1,5.043,3.6267,3.6534,0.084,0,0.4,0.4,0.4,-4.2726,-0.4381,-4.4903,-0.06,-4.2604,-5.4812,-4.4947,0.05,-6.8917,-2.9467,-4.4983,-0.17
34.2,5.0432,3.6265,3.6534,0.0839,0,0.4,0.4,0.4,-4.2442,-0.4374,-4.491,-0.04,-4.232,-5.4806,-4.4949,0.06,-6.8632,-2.946,-4.498,-0.18
34.3,5.0432,3.6268,3.6535,0.084,0,0.4,0.4,0.4,-4.2156,-0.4369,-4.4914,-0.03,-4.2036,-5.4801,-4.4952,0.07,-6.8349,-2.9454,-4.498,-0.18
34.4,5.0437,3.6272,3.6537,0.0841,0,0.4,0.4,0.4,-4.1871,-0.4362,-4.4916,-0.03,-4.1751,-5.4799,-4.4955,0.08,-6.8066,-2.9452,-4.498,-0.19
34.5,5.0444,3.6279,3.6538,0.0843,0,0.4,0.4,0.4,-4.1586,-0.4354,-4.492,-0.04,-4.1464,-5.4798,-4.4958,0.09,-6.7782,-2.9453,-4.498,-0.2
34.6,5.045,3.6288,3.6542,0.0846,0,0.4,0.4,0.4,-4.1298,-0.4347,-4.4924,-0.05,-4.1176,-5.4797,-4.496,0.09,-6.75,-2.9452,-4.4982,-0.2
34.7,5.0456,3.63,3.6546,0.0851,0,0.4,0.4,0.4,-4.1008,-0.4337,-4.4928,-0.05,-4.089,-5.4793,-4.4963,0.07,-6.722,-2.945,-4.4982,-0.2
34.8,5.0466,3.6314,3.6553,0.0858,0,0.4,0.4,0.4,-4.072,-0.4327,-4.4931,-0.05,-4.0602,-5.4792,-4.4968,0.07,-6.6942,-2.9449,-4.4983,-0.19
34.9,5.0475,3.6325,3.656,0.0863,0,0.4,0.4,0.4,-4.0432,-0.4315,-4.4934,-0.05,-4.0313,-5.479,-4.4974,0.07,-6.6662,-2.9445,-4.4985,-0.19
35.0,5.0484,3.6335,3.6567,0.0868,0,0.4,0.4,0.4,-4.0143,-0.4303,-4.4937,-0.04,-4.0025,-5.4786,-4.4976,0.07,-6.6381,-2.9438,-4.4985,-0.2
35.1,5.0485,3.6338,3.6573,0.0871,0,0.4,0.4,0.4,-3.9857,-0.4293,-4.4938,-0.04,-3.9736,-5.4778,-4.4976,0.07,-6.6099,-2.9429,-4.4984,-0.2
35.2,5.048,3.6333,3.6573,0.0871,0,0.4,0.4,0.4,-3.9572,-0.4286,-4.494,-0.03,-3.9449,-5.4766,-4.4979,0.07,-6.5812,-2.9417,-4.4985,-0.2
35.3,5.0469,3.6323,3.6575,0.0871,0,0.4,0.4,0.4,-3.929,-0.4284,-4.494,-0.02,-3.9162,-5.4753,-4.4986,0.07,-6.5527,-2.9404,-4.4986,-0.21
35.4,5.0457,3.6313,3.6575,0.087,0,0.4,0.4,0.4,-3.9011,-0.4285,-4.4938,0.01,-3.8876,-5.4742,-4.4993,0.05,-6.5243,-2.9394,-4.4985,-0.22
35.5,5.045,3.6306,3.6573,0.0869,0,0.4,0.4,0.4,-3.8728,-0.4285,-4.4937,0.02,-3.8593,-5.4734,-4.4998,0.03,-6.4958,-2.9388,-4.4985,-0.22
35.6,5.0447,3.6304,3.657,0.0867,0,0.4,0.4,0.4,-3.8443,-0.4283,-4.4935,0.03,-3.8311,-5.473,-4.5003,0.02,-6.4672,-2.9383,-4.4984,-0.21
35.7,5.0449,3.6301,3.6574,0.0868,0,0.4,0.4,0.4,-3.8158,-0.4282,-4.4933,0.03,-3.8027,-5.4731,-4.5009,0.0,-6.4387,-2.9378,-4.4983,-0.2
35.8,5.045,3.6294,3.658,0.0867,0,0.4,0.4,0.4,-3.7877,-0.4281,-4.4932,0.03,-3.7738,-5.4731,-4.5013,-0.01,-6.4101,-2.9372,-4.4978,-0.19
35.9,5.0451,3.6285,3.6583,0.0864,0,0.4,0.4,0.4,-3.7597,-0.4278,-4.4934,0.03,-3.745,-5.4729,-4.5014,-0.01,-6.3813,-2.9365,-4.4971,-0.17
36.0,5.0454,3.6277,3.6588,0.0862,0,0.4,0.4,0.4,-3.7316,-0.4278,-4.4935,0.02,-3.7164,-5.4732,-4.5011,-0.02,-6.3525,-2.936,-4.4964,-0.15
36.1,5.0461,3.6271,3.6591,0.0859,0,0.4,0.4,0.4,-3.7035,-0.4279,-4.4934,0.01,-3.6881,-5.4739,-4.5008,-0.03,-6.3238,-2.9358,-4.4955,-0.13
36.2,5.0465,3.6265,3.6589,0.0854,0,0.4,0.4,0.4,-3.6755,-0.4284,-4.4934,-0.0,-3.6601,-5.4749,-4.5007,-0.03,-6.295,-2.9363,-4.4949,-0.12
36.3,5.0465,3.6264,3.6581,0.085,0,0.4,0.4,0.4,-3.6473,-0.4291,-4.4934,-0.01,-3.6321,-5.4755,-4.5005,-0.04,-6.2663,-2.9374,-4.4944,-0.11
36.4,5.0459,3.6269,3.6575,0.0851,0,0.4,0.4,0.4,-3.6185,-0.4301,-4.4934,-0.03,-3.604,-5.476,-4.5005,-0.05,-6.2381,-2.9386,-4.4942,-0.12
36.5,5.0449,3.628,3.6566,0.0855,0,0.4,0.4,0.4,-3.5898,-0.4313,-4.4935,-0.04,-3.5761,-5.4761,-4.5009,-0.05,-6.2104,-2.9402,-4.4941,-0.13
36.6,5.0436,3.6294,3.6557,0.086,0,0.4,0.4,0.4,-3.5612,-0.4328,-4.4936,-0.05,-3.5482,-5.4764,-4.5013,-0.05,-6.1831,-2.9424,-4.4942,-0.14
36.7,5.0429,3.6312,3.655,0.0867,0,0.4,0.4,0.4,-3.5326,-0.4339,-4.4936,-0.05,-3.5199,-5.4768,-4.5015,-0.05,-6.1558,-2.9447,-4.4945,-0.15
36.8,5.0424,3.633,3.6546,0.0874,0,0.4,0.4,0.4,-3.504,-0.4349,-4.4937,-0.05,-3.4917,-5.4773,-4.5011,-0.05,-6.1285,-2.9469,-4.4948,-0.14
36.9,5.0419,3.6345,3.6545,0.0882,0,0.4,0.4,0.4,-3.4754,-0.436,-4.4942,-0.04,-3.463,-5.4779,-4.5004,-0.06,-6.1012,-2.949,-4.4952,-0.12
37.0,5.0409,3.6354,3.6539,0.0886,0,0.4,0.4,0.4,-3.4469,-0.4374,-4.4945,-0.03,-3.4348,-5.4783,-4.4997,-0.07,-6.0735,-2.9507,-4.4956,-0.1
37.1,5.0398,3.6358,3.6531,0.0887,0,0.4,0.4,0.4,-3.4183,-0.4386,-4.4943,-0.02,-3.4069,-5.4784,-4.4993,-0.09,-6.0455,-2.952,-4.4962,-0.08
37.2,5.0392,3.6363,3.6526,0.0889,0,0.4,0.4,0.4,-3.3894,-0.4393,-4.4941,-0.01,-3.379,-5.4785,-4.499,-0.11,-6.0174,-2.9526,-4.4969,-0.08
37.3,5.0386,3.6362,3.6524,0.089,0,0.4,0.4,0.4,-3.3606,-0.4399,-4.4941,0.0,-3.351,-5.4785,-4.4988,-0.11,-5.9891,-2.9525,-4.4971,-0.08
37.4,5.038,3.6355,3.6529,0.0891,0,0.4,0.4,0.4,-3.332,-0.4405,-4.4943,0.01,-3.3225,-5.4785,-4.4985,-0.11,-5.9607,-2.9519,-4.4972,-0.08
37.5,5.0378,3.6347,3.6537,0.0892,0,0.4,0.4,0.4,-3.3035,-0.4412,-4.4945,0.02,-3.2939,-5.479,-4.498,-0.11,-5.9322,-2.9513,-4.4975,-0.07
37.6,5.0376,3.6334,3.6546,0.0891,0,0.4,0.4,0.4,-3.275,-0.4422,-4.4945,0.03,-3.2653,-5.4797,-4.4974,-0.1,-5.9034,-2.9507,-4.498,-0.06
37.7,5.0372,3.6314,3.6548,0.0886,0,0.4,0.4,0.4,-3.2466,-0.4433,-4.4946,0.02,-3.2368,-5.4806,-4.4969,-0.1,-5.874,-2.9502,-4.4988,-0.06
37.8,5.0367,3.6292,3.6543,0.0875,0,0.4,0.4,0.4,-3.2182,-0.4443,-4.495,0.01,-3.2081,-5.4811,-4.4966,-0.1,-5.8438,-2.9499,-4.4994,-0.06
37.9,5.036,3.6272,3.6527,0.0861,0,0.4,0.4,0.4,-3.1897,-0.4451,-4.4951,-0.0,-3.1795,-5.4811,-4.496,-0.1,-5.813,-2.95,-4.5001,-0.06
38.0,5.0354,3.6263,3.6506,0.0849,0,0.4,0.4,0.4,-3.1607,-0.4455,-4.4948,-0.01,-3.1509,-5.4809,-4.4956,-0.11,-5.7824,-2.9507,-4.5009,-0.07
38.1,5.035,3.6265,3.6484,0.0841,0,0.4,0.4,0.4,-3.1318,-0.4456,-4.4943,-0.02,-3.1222,-5.4805,-4.4957,-0.11,-5.7525,-2.9522,-4.5016,-0.08
38.2,5.0344,3.6274,3.6469,0.0839,0,0.4,0.4,0.4,-3.1027,-0.4459,-4.4938,-0.03,-3.0932,-5.4803,-4.4959,-0.12,-5.7233,-2.954,-4.5022,-0.08
38.3,5.0339,3.6291,3.646,0.0844,0,0.4,0.4,0.4,-3.0735,-0.4463,-4.4935,-0.03,-3.0642,-5.4802,-4.4959,-0.13,-5.695,-2.9559,-4.5026,-0.08
38.4,5.0339,3.6307,3.646,0.0851,0,0.4,0.4,0.4,-3.0448,-0.4464,-4.4934,-0.04,-3.0351,-5.4803,-4.496,-0.14,-5.6672,-2.9573,-4.5029,-0.08
38.5,5.0339,3.6314,3.6462,0.0855,0,0.4,0.4,0.4,-3.0163,-0.4465,-4.4933,-0.04,-3.0061,-5.4804,-4.4963,-0.16,-5.6391,-2.958,-4.5029,-0.08
38.6,5.0339,3.6314,3.6459,0.0854,0,0.4,0.4,0.4,-2.9877,-0.4465,-4.4933,-0.04,-2.9774,-5.4804,-4.4965,-0.17,-5.6103,-2.9584,-4.5027,-0.08
38.7,5.034,3.631,3.6456,0.085,0,0.4,0.4,0.4,-2.9593,-0.4463,-4.4932,-0.04,-2.9487,-5.4803,-4.4967,-0.18,-5.5811,-2.9583,-4.5025,-0.08
38.8,5.0346,3.6301,3.6454,0.0843,0,0.4,0.4,0.4,-2.931,-0.4458,-4.4929,-0.03,-2.92,-5.4804,-4.4969,-0.19,-5.5516,-2.9577,-4.5021,-0.1
38.9,5.0352,3.6288,3.6456,0.0836,0,0.4,0.4,0.4,-2.9027,-0.4453,-4.4927,-0.02,-2.8913,-5.4804,-4.4974,-0.2,-5.522,-2.9566,-4.5018,-0.11
39.0,5.0352,3.6273,3.6454,0.0828,0,0.4,0.4,0.4,-2.8743,-0.4448,-4.4924,-0.02,-2.8626,-5.48,-4.4975,-0.21,-5.4923,-2.9554,-4.5018,-0.1
39.1,5.0356,3.6253,3.6457,0.082,0,0.4,0.4,0.4,-2.8459,-0.4443,-4.4917,-0.01,-2.8341,-5.4799,-4.497,-0.21,-5.4625,-2.9536,-4.5022,-0.1
39.2,5.0367,3.6234,3.6464,0.0813,0,0.4,0.4,0.4,-2.8178,-0.4435,-4.4911,-0.01,-2.8056,-5.4801,-4.4963,-0.21,-5.4329,-2.9515,-4.5025,-0.1
39.3,5.0366,3.6221,3.6464,0.0807,0,0.4,0.4,0.4,-2.7895,-0.443,-4.4909,-0.0,-2.7773,-5.4796,-4.4957,-0.21,-5.4037,-2.9501,-4.5023,-0.1
39.4,5.0362,3.6214,3.646,0.0804,0,0.4,0.4,0.4,-2.7611,-0.4429,-4.4907,0.01,-2.7493,-5.4791,-4.4952,-0.21,-5.3749,-2.9494,-4.5021,-0.09
39.5,5.0364,3.6213,3.6458,0.0802,0,0.4,0.4,0.4,-2.7329,-0.4424,-4.4909,0.03,-2.7212,-5.4788,-4.4945,-0.21,-5.3464,-2.949,-4.5015,-0.08
39.6,5.0371,3.6218,3.6455,0.08,0,0.4,0.4,0.4,-2.7045,-0.4417,-4.4913,0.06,-2.6931,-5.4788,-4.4937,-0.21,-5.318,-2.9491,-4.5006,-0.09
39.7,5.0383,3.6228,3.6451,0.0798,0,0.4,0.4,0.4,-2.6761,-0.4409,-4.4917,0.07,-2.6652,-5.4791,-4.493,-0.21,-5.2897,-2.9495,-4.4995,-0.09
39.8,5.0398,3.6243,3.6449,0.0799,0,0.4,0.4,0.4,-2.6478,-0.44,-4.4919,0.08,-2.6374,-5.4798,-4.4926,-0.21,-5.2618,-2.9505,-4.4983,-0.1
39.9,5.0402,3.6253,3.6449,0.0801,0,0.4,0.4,0.4,-2.6198,-0.4397,-4.492,0.09,-2.609,-5.4799,-4.4922,-0.21,-5.2342,-2.9513,-4.497,-0.11
40.0,5.04,3.6261,3.6452,0.0806,0,0.4,0.4,0.4,-2.5919,-0.4398,-4.4919,0.1,-2.5805,-5.4798,-4.4919,-0.21,-5.2068,-2.952,-4.4963,-0.11
40.1,5.0398,3.6272,3.646,0.0815,0,0.4,0.4,0.4,-2.5637,-0.4402,-4.4919,0.11,-2.5517,-5.4801,-4.4919,-0.21,-5.1798,-2.9528,-4.4959,-0.1
40.2,5.0401,3.6291,3.6474,0.0829,0,0.4,0.4,0.4,-2.5352,-0.4405,-4.4921,0.1,-2.523,-5.4806,-4.4918,-0.2,-5.1532,-2.9536,-4.4956,-0.1
40.3,5.0406,3.6311,3.6487,0.0843,0,0.4,0.4,0.4,-2.5066,-0.4406,-4.4924,0.1,-2.4943,-5.4812,-4.4919,-0.19,-5.1267,-2.9546,-4.4952,-0.1
40.4,5.0407,3.6324,3.6498,0.0853,0,0.4,0.4,0.4,-2.4781,-0.4413,-4.4928,0.11,-2.4658,-5.482,-4.4924,-0.18,-5.0998,-2.9554,-4.4949,-0.11
40.5,5.0402,3.6325,3.6509,0.086,0,0.4,0.4,0.4,-2.4496,-0.4423,-4.4933,0.11,-2.4372,-5.4825,-4.493,-0.18,-5.0723,-2.9556,-4.4944,-0.12
40.6,5.0397,3.6325,3.652,0.0868,0,0.4,0.4,0.4,-2.4206,-0.4431,-4.4938,0.1,-2.4086,-5.4828,-4.4935,-0.17,-5.0445,-2.9551,-4.4941,-0.14
40.7,5.039,3.6324,3.6533,0.0876,0,0.4,0.4,0.4,-2.3914,-0.444,-4.494,0.07,-2.3802,-5.483,-4.4938,-0.16,-5.0168,-2.9542,-4.494,-0.15
40.8,5.0382,3.6319,3.6544,0.0882,0,0.4,0.4,0.4,-2.3622,-0.4448,-4.4939,0.04,-2.352,-5.483,-4.4941,-0.16,-4.9889,-2.953,-4.4943,-0.16
40.9,5.0367,3.6305,3.655,0.0884,0,0.4,0.4,0.4,-2.3334,-0.4461,-4.4935,0.02,-2.3238,-5.4828,-4.4945,-0.15,-4.9606,-2.9517,-4.4949,-0.16
41.0,5.0354,3.6287,3.6556,0.0884,0,0.4,0.4,0.4,-2.3049,-0.4473,-4.493,0.02,-2.2958,-5.4827,-4.4948,-0.14,-4.9321,-2.9504,-4.4957,-0.17
41.1,5.0348,3.6269,3.6563,0.0883,0,0.4,0.4,0.4,-2.2766,-0.4483,-4.4925,0.02,-2.2678,-5.483,-4.4949,-0.14,-4.9035,-2.949,-4.4964,-0.17
41.2,5.0345,3.6249,3.6571,0.088,0,0.4,0.4,0.4,-2.2483,-0.4491,-4.492,0.01,-2.2398,-5.4835,-4.4951,-0.13,-4.8747,-2.9475,-4.4969,-0.16
41.3,5.034,3.6235,3.6572,0.0877,0,0.4,0.4,0.4,-2.2198,-0.4497,-4.4915,0.0,-2.2117,-5.4837,-4.4953,-0.14,-4.8457,-2.9465,-4.4971,-0.16
41.4,5.0331,3.6223,3.6566,0.0873,0,0.4,0.4,0.4,-2.1912,-0.4505,-4.4909,-0.01,-2.1833,-5.4836,-4.4957,-0.14,-4.8164,-2.9463,-4.4971,-0.16
41.5,5.0317,3.6214,3.6555,0.0868,0,0.4,0.4,0.4,-2.1625,-0.4516,-4.4904,-0.02,-2.1545,-5.4832,-4.4962,-0.14,-4.787,-2.9468,-4.4969,-0.15
41.6,5.0304,3.6206,3.654,0.086,0,0.4,0.4,0.4,-2.1339,-0.4527,-4.4902,-0.02,-2.1256,-5.483,-4.4966,-0.13,-4.7572,-2.9481,-4.4967,-0.13
41.7,5.029,3.6206,3.6519,0.0853,0,0.4,0.4,0.4,-2.1051,-0.4536,-4.4906,-0.02,-2.0964,-5.4826,-4.4965,-0.12,-4.7274,-2.95,-4.4966,-0.12
41.8,5.0276,3.6208,3.6495,0.0846,0,0.4,0.4,0.4,-2.0763,-0.4544,-4.4911,-0.01,-2.0675,-5.482,-4.4963,-0.12,-4.6978,-2.952,-4.4964,-0.12
41.9,5.0265,3.6215,3.6467,0.0838,0,0.4,0.4,0.4,-2.0479,-0.4547,-4.4916,0.01,-2.0389,-5.4811,-4.496,-0.13,-4.6683,-2.9544,-4.4962,-0.11
42.0,5.0256,3.6218,3.6437,0.0827,0,0.4,0.4,0.4,-2.0196,-0.4548,-4.4918,0.02,-2.0102,-5.4804,-4.4958,-0.14,-4.6384,-2.9567,-4.4961,-0.11
42.1,5.0247,3.6211,3.6413,0.0814,0,0.4,0.4,0.4,-1.9918,-0.455,-4.492,0.02,-1.9814,-5.4798,-4.4958,-0.15,-4.6084,-2.9582,-4.4961,-0.11
42.2,5.0246,3.6203,3.6399,0.0804,0,0.4,0.4,0.4,-1.964,-0.4548,-4.4924,0.01,-1.9527,-5.4794,-4.4961,-0.16,-4.5786,-2.9588,-4.4963,-0.11
42.3,5.0246,3.6191,3.6392,0.0795,0,0.4,0.4,0.4,-1.9362,-0.4546,-4.4926,-0.01,-1.9244,-5.4793,-4.4962,-0.16,-4.5493,-2.9586,-4.4964,-0.11
42.4,5.0239,3.6169,3.6394,0.0789,0,0.4,0.4,0.4,-1.9082,-0.4553,-4.4928,-0.02,-1.8961,-5.4792,-4.496,-0.15,-4.5201,-2.9573,-4.4963,-0.11
42.5,5.0228,3.6138,3.6404,0.0785,0,0.4,0.4,0.4,-1.8801,-0.4565,-4.4931,-0.02,-1.8679,-5.4793,-4.4955,-0.14,-4.491,-2.955,-4.4961,-0.11
42.6,5.0221,3.6111,3.6417,0.0783,0,0.4,0.4,0.4,-1.852,-0.4578,-4.4936,-0.03,-1.84,-5.4799,-4.495,-0.14,-4.4623,-2.953,-4.496,-0.1
42.7,5.0213,3.609,3.6425,0.0782,0,0.4,0.4,0.4,-1.8239,-0.4592,-4.4941,-0.03,-1.8125,-5.4805,-4.4948,-0.14,-4.434,-2.9516,-4.4962,-0.09
42.8,5.0206,3.6073,3.6432,0.0781,0,0.4,0.4,0.4,-1.7961,-0.4607,-4.4943,-0.02,-1.7849,-5.4813,-4.4951,-0.13,-4.4059,-2.9508,-4.4966,-0.08
42.9,5.0201,3.6058,3.6438,0.0781,0,0.4,0.4,0.4,-1.7682,-0.4621,-4.4942,-0.03,-1.7571,-5.4823,-4.4954,-0.12,-4.3778,-2.9506,-4.497,-0.08
43.0,5.0201,3.6049,3.6443,0.078,0,0.4,0.4,0.4,-1.7403,-0.4634,-4.4941,-0.04,-1.729,-5.4835,-4.4957,-0.12,-4.3494,-2.9509,-4.4972,-0.08
43.1,5.0207,3.6046,3.6441,0.0776,0,0.4,0.4,0.4,-1.7122,-0.4642,-4.4944,-0.05,-1.7011,-5.4849,-4.496,-0.13,-4.3208,-2.9519,-4.497,-0.09
43.2,5.0219,3.6047,3.6442,0.0773,0,0.4,0.4,0.4,-1.6842,-0.4645,-4.4949,-0.05,-1.6729,-5.4864,-4.4964,-0.14,-4.2923,-2.9529,-4.4969,-0.1
43.3,5.0236,3.6051,3.6445,0.0771,0,0.4,0.4,0.4,-1.6563,-0.4643,-4.4956,-0.05,-1.6446,-5.4879,-4.4967,-0.14,-4.2638,-2.9537,-4.4971,-0.1
43.4,5.0259,3.6056,3.6451,0.0768,0,0.4,0.4,0.4,-1.6284,-0.4636,-4.4963,-0.05,-1.6161,-5.4894,-4.4967,-0.13,-4.2353,-2.9544,-4.4973,-0.11
43.5,5.0282,3.6065,3.6455,0.0766,0,0.4,0.4,0.4,-1.6007,-0.4626,-4.4967,-0.06,-1.5875,-5.4908,-4.4966,-0.13,-4.207,-2.9554,-4.4968,-0.12
43.6,5.0305,3.6071,3.6461,0.0764,0,0.4,0.4,0.4,-1.5731,-0.462,-4.497,-0.06,-1.5595,-5.4925,-4.4964,-0.14,-4.1789,-2.9562,-4.4962,-0.11
43.7,5.0321,3.6076,3.6468,0.0765,0,0.4,0.4,0.4,-1.5452,-0.4621,-4.4967,-0.06,-1.5317,-5.4942,-4.4962,-0.14,-4.1512,-2.9569,-4.4957,-0.11
43.8,5.0337,3.608,3.6479,0.0767,0,0.4,0.4,0.4,-1.5171,-0.4624,-4.4961,-0.07,-1.5043,-5.4961,-4.4962,-0.14,-4.1236,-2.9572,-4.4954,-0.12
43.9,5.0356,3.6087,3.6491,0.0771,0,0.4,0.4,0.4,-1.4892,-0.4622,-4.4956,-0.06,-1.477,-5.4977,-4.4964,-0.13,-4.0964,-2.9572,-4.4952,-0.14
44.0,5.0376,3.6096,3.6507,0.0776,0,0.4,0.4,0.4,-1.4616,-0.4615,-4.4951,-0.06,-1.4492,-5.4991,-4.4966,-0.12,-4.0695,-2.9571,-4.4953,-0.15
44.1,5.0401,3.6104,3.6529,0.0783,0,0.4,0.4,0.4,-1.4342,-0.4605,-4.4948,-0.06,-1.421,-5.5006,-4.4969,-0.11,-4.0426,-2.9568,-4.4951,-0.16
44.2,5.0425,3.6108,3.6555,0.079,0,0.4,0.4,0.4,-1.4069,-0.4595,-4.4947,-0.07,-1.3924,-5.502,-4.4972,-0.11,-4.0156,-2.956,-4.4943,-0.16
44.3,5.0442,3.6109,3.6582,0.0799,0,0.4,0.4,0.4,-1.3795,-0.4589,-4.4947,-0.07,-1.3636,-5.5031,-4.4975,-0.11,-3.9886,-2.9552,-4.4938,-0.16
44.4,5.0455,3.6107,3.6609,0.0808,0,0.4,0.4,0.4,-1.3522,-0.4588,-4.4944,-0.08,-1.3348,-5.5043,-4.4981,-0.1,-3.9616,-2.9544,-4.4935,-0.15
44.5,5.0464,3.6103,3.6633,0.0816,0,0.4,0.4,0.4,-1.3251,-0.4587,-4.4944,-0.08,-1.3059,-5.5052,-4.4986,-0.1,-3.9346,-2.9536,-4.4934,-0.15
44.6,5.0473,3.6103,3.6651,0.0822,0,0.4,0.4,0.4,-1.2978,-0.4582,-4.4947,-0.08,-1.2772,-5.5055,-4.4985,-0.09,-3.9074,-2.9531,-4.4934,-0.15
44.7,5.0484,3.6106,3.6665,0.0827,0,0.4,0.4,0.4,-1.2706,-0.4574,-4.4948,-0.07,-1.2485,-5.5057,-4.4984,-0.07,-3.8801,-2.9527,-4.4935,-0.15
44.8,5.0489,3.6109,3.6676,0.0831,0,0.4,0.4,0.4,-1.2434,-0.4564,-4.4948,-0.06,-1.2196,-5.5052,-4.4981,-0.06,-3.8529,-2.9523,-4.4936,-0.15
44.9,5.0492,3.6115,3.6685,0.0836,0,0.4,0.4,0.4,-1.216,-0.4554,-4.4949,-0.05,-1.1911,-5.5045,-4.4978,-0.06,-3.8258,-2.9519,-4.4934,-0.15
45.0,5.0487,3.6122,3.6692,0.0844,0,0.4,0.4,0.4,-1.188,-0.4547,-4.495,-0.05,-1.1626,-5.5033,-4.4973,-0.05,-3.7987,-2.9512,-4.4932,-0.15
45.1,5.0471,3.613,3.6697,0.0854,0,0.4,0.4,0.4,-1.1597,-0.4545,-4.4947,-0.05,-1.134,-5.5015,-4.4969,-0.04,-3.772,-2.9505,-4.4929,-0.15
45.2,5.0452,3.614,3.6705,0.0867,0,0.4,0.4,0.4,-1.1315,-0.4545,-4.4943,-0.05,-1.1054,-5.4996,-4.4963,-0.04,-3.7457,-2.9498,-4.4929,-0.15
45.3,5.0433,3.615,3.6714,0.0882,0,0.4,0.4,0.4,-1.1033,-0.4546,-4.4941,-0.04,-1.0771,-5.4979,-4.4957,-0.05,-3.7197,-2.9492,-4.4928,-0.15
45.4,5.0416,3.6161,3.672,0.0895,0,0.4,0.4,0.4,-1.075,-0.4545,-4.4943,-0.03,-1.0489,-5.496,-4.4949,-0.05,-3.6935,-2.9485,-4.4926,-0.15
45.5,5.0403,3.6171,3.6722,0.0904,0,0.4,0.4,0.4,-1.0469,-0.4541,-4.4946,-0.02,-1.021,-5.4943,-4.4943,-0.05,-3.6669,-2.9479,-4.4926,-0.15
45.6,5.039,3.6178,3.6718,0.0909,0,0.4,0.4,0.4,-1.0187,-0.4536,-4.495,-0.02,-0.9933,-5.4925,-4.4938,-0.06,-3.6398,-2.9473,-4.4923,-0.14
45.7,5.0374,3.6189,3.6711,0.0914,0,0.4,0.4,0.4,-0.9904,-0.4536,-4.4953,-0.01,-0.9661,-5.491,-4.4934,-0.06,-3.613,-2.9472,-4.4922,-0.14
45.8,5.0354,3.62,3.6691,0.0914,0,0.4,0.4,0.4,-0.9619,-0.4539,-4.4952,-0.01,-0.9392,-5.4893,-4.4932,-0.07,-3.5857,-2.948,-4.4923,-0.13
45.9,5.0334,3.6205,3.6663,0.0908,0,0.4,0.4,0.4,-0.9337,-0.4543,-4.4951,-0.01,-0.9118,-5.4877,-4.4932,-0.07,-3.5573,-2.9493,-4.4924,-0.13
46.0,5.0314,3.6197,3.6633,0.0896,0,0.4,0.4,0.4,-0.9058,-0.4548,-4.4953,-0.01,-0.8841,-5.4862,-4.4937,-0.07,-3.5278,-2.9502,-4.4923,-0.13
46.1,5.0302,3.6181,3.6605,0.0879,0,0.4,0.4,0.4,-0.8784,-0.455,-4.4956,-0.0,-0.8564,-5.4851,-4.4943,-0.06,-3.4978,-2.9508,-4.4924,-0.13
46.2,5.0297,3.6159,3.6583,0.086,0,0.4,0.4,0.4,-0.851,-0.455,-4.4956,0.01,-0.8287,-5.4846,-4.4949,-0.05,-3.4674,-2.9508,-4.4923,-0.14
46.3,5.0295,3.6135,3.6562,0.084,0,0.4,0.4,0.4,-0.8235,-0.4548,-4.4954,0.01,-0.8009,-5.4842,-4.4954,-0.03,-3.4368,-2.9504,-4.492,-0.14
46.4,5.0291,3.611,3.654,0.082,0,0.4,0.4,0.4,-0.796,-0.4546,-4.4951,0.01,-0.7734,-5.4836,-4.4954,-0.02,-3.4062,-2.9498,-4.4919,-0.15
46.5,5.0283,3.6085,3.6521,0.0804,0,0.4,0.4,0.4,-0.7683,-0.4547,-4.4948,-0.01,-0.7462,-5.4829,-4.4954,-0.01,-3.3761,-2.9488,-4.492,-0.14
46.6,5.027,3.6063,3.6504,0.079,0,0.4,0.4,0.4,-0.7402,-0.4553,-4.4946,-0.02,-0.7191,-5.4823,-4.4955,-0.0,-3.3463,-2.948,-4.4922,-0.12
46.7,5.0257,3.6042,3.6491,0.0781,0,0.4,0.4,0.4,-0.7122,-0.4562,-4.4942,-0.03,-0.6917,-5.4818,-4.4955,0.01,-3.317,-2.9473,-4.4924,-0.1
46.8,5.0243,3.6025,3.6485,0.0775,0,0.4,0.4,0.4,-0.6845,-0.4573,-4.4932,-0.03,-0.664,-5.4815,-4.4954,0.02,-3.2883,-2.9468,-4.4925,-0.08
46.9,5.0234,3.6012,3.6484,0.0773,0,0.4,0.4,0.4,-0.6569,-0.458,-4.492,-0.04,-0.6361,-5.4814,-4.4949,0.02,-3.26,-2.9464,-4.4927,-0.08
47.0,5.023,3.6006,3.6487,0.0773,0,0.4,0.4,0.4,-0.629,-0.4585,-4.4913,-0.05,-0.6083,-5.4815,-4.4943,0.02,-3.2321,-2.9461,-4.4931,-0.07
47.1,5.0227,3.6005,3.6484,0.0773,0,0.4,0.4,0.4,-0.6009,-0.4589,-4.4907,-0.06,-0.581,-5.4815,-4.4935,0.02,-3.2043,-2.9461,-4.4937,-0.06
47.2,5.0217,3.6007,3.6473,0.0772,0,0.4,0.4,0.4,-0.5727,-0.4594,-4.4901,-0.08,-0.5538,-5.4811,-4.4927,0.01,-3.1765,-2.9464,-4.4941,-0.06
47.3,5.02,3.6004,3.6461,0.077,0,0.4,0.4,0.4,-0.5447,-0.4603,-4.4895,-0.1,-0.5265,-5.4802,-4.4917,0.01,-3.1486,-2.9468,-4.4943,-0.06
47.4,5.0187,3.6005,3.6446,0.0767,0,0.4,0.4,0.4,-0.5166,-0.4608,-4.4888,-0.1,-0.4992,-5.4795,-4.4906,0.0,-3.1206,-2.9473,-4.4944,-0.06
47.5,5.0175,3.6003,3.6429,0.0761,0,0.4,0.4,0.4,-0.4889,-0.4613,-4.4883,-0.1,-0.4722,-5.4788,-4.4897,-0.0,-3.0925,-2.948,-4.495,-0.05
47.6,5.0157,3.5994,3.6413,0.0756,0,0.4,0.4,0.4,-0.4614,-0.4625,-4.4883,-0.09,-0.445,-5.4781,-4.4893,0.01,-3.0642,-2.9486,-4.4958,-0.05
47.7,5.013,3.5978,3.6399,0.0752,0,0.4,0.4,0.4,-0.4338,-0.4643,-4.4883,-0.1,-0.4176,-5.4773,-4.4894,0.03,-3.036,-2.9489,-4.4967,-0.04
47.8,5.0109,3.5964,3.6395,0.0751,0,0.4,0.4,0.4,-0.4061,-0.4661,-4.4885,-0.11,-0.3897,-5.4769,-4.49,0.05,-3.0079,-2.949,-4.4976,-0.03
47.9,5.0093,3.5956,3.6395,0.0753,0,0.4,0.4,0.4,-0.3782,-0.4674,-4.4886,-0.12,-0.3617,-5.4767,-4.4911,0.06,-2.9802,-2.949,-4.4985,-0.04
48.0,5.0088,3.5952,3.6397,0.0754,0,0.4,0.4,0.4,-0.3505,-0.4682,-4.4887,-0.12,-0.3337,-5.477,-4.4921,0.07,-2.9525,-2.9492,-4.499,-0.04
48.1,5.0091,3.5947,3.6403,0.0754,0,0.4,0.4,0.4,-0.3229,-0.4688,-4.4888,-0.1,-0.3053,-5.4778,-4.4932,0.08,-2.9243,-2.9495,-4.4995,-0.04
48.2,5.0101,3.5945,3.6406,0.0752,0,0.4,0.4,0.4,-0.2951,-0.4689,-4.4888,-0.09,-0.2769,-5.479,-4.4939,0.09,-2.8958,-2.9502,-4.5003,-0.04
48.3,5.0105,3.5945,3.64,0.0748,0,0.4,0.4,0.4,-0.267,-0.4694,-4.4888,-0.09,-0.2487,-5.4798,-4.4943,0.1,-2.8672,-2.9513,-4.5011,-0.04
48.4,5.0099,3.5942,3.639,0.0743,0,0.4,0.4,0.4,-0.239,-0.4702,-4.4887,-0.08,-0.2207,-5.48,-4.4946,0.11,-2.8385,-2.9523,-4.5017,-0.03
48.5,5.0091,3.5934,3.6379,0.0737,0,0.4,0.4,0.4,-0.2111,-0.4712,-4.4886,-0.08,-0.1928,-5.4802,-4.4951,0.11,-2.8097,-2.9531,-4.5022,-0.03
48.6,5.0092,3.593,3.6378,0.0735,0,0.4,0.4,0.4,-0.1832,-0.4718,-4.4887,-0.09,-0.1647,-5.4809,-4.4953,0.09,-2.7812,-2.9535,-4.5026,-0.02
48.7,5.0096,3.5926,3.6383,0.0735,0,0.4,0.4,0.4,-0.1555,-0.4721,-4.4888,-0.1,-0.1366,-5.4816,-4.4952,0.08,-2.7532,-2.9537,-4.5031,-0.01
48.8,5.0098,3.5923,3.639,0.0737,0,0.4,0.4,0.4,-0.1279,-0.4726,-4.4887,-0.11,-0.1083,-5.4824,-4.4951,0.07,-2.7254,-2.9539,-4.5031,-0.0
48.9,5.0103,3.5928,3.6399,0.0741,0,0.4,0.4,0.4,-0.0999,-0.4727,-4.4888,-0.12,-0.08,-5.483,-4.4948,0.06,-2.698,-2.9542,-4.5026,0.01
49.0,5.0109,3.5936,3.6402,0.0743,0,0.4,0.4,0.4,-0.0719,-0.4726,-4.4889,-0.13,-0.0517,-5.4835,-4.4945,0.05,-2.6704,-2.9549,-4.5021,0.02
49.1,5.0115,3.5943,3.6403,0.0744,0,0.4,0.4,0.4,-0.0438,-0.4725,-4.4889,-0.14,-0.0235,-5.4839,-4.4942,0.05,-2.6425,-2.9556,-4.5015,0.04
49.2,5.0117,3.5946,3.6408,0.0747,0,0.4,0.4,0.4,-0.0153,-0.4729,-4.4887,-0.14,0.0048,-5.4845,-4.4937,0.04,-2.6146,-2.9558,-4.5008,0.04
49.3,5.0114,3.5946,3.6414,0.0751,0,0.4,0.4,0.4,0.0132,-0.4736,-4.4885,-0.15,0.0332,-5.485,-4.4933,0.04,-2.5866,-2.956,-4.5002,0.05
49.4,5.0108,3.5943,3.6412,0.0751,0,0.4,0.4,0.4,0.0413,-0.4746,-4.4886,-0.15,0.0614,-5.4853,-4.4935,0.03,-2.5585,-2.9566,-4.4998,0.06
49.5,5.0098,3.5943,3.6403,0.0749,0,0.4,0.4,0.4,0.0692,-0.4757,-4.4886,-0.16,0.0892,-5.4855,-4.494,0.02,-2.5305,-2.9577,-4.4995,0.07
49.6,5.0088,3.5946,3.6384,0.0742,0,0.4,0.4,0.4,0.0969,-0.4764,-4.4886,-0.16,0.1167,-5.4852,-4.4947,0.02,-2.5023,-2.9595,-4.4995,0.07
49.7,5.0075,3.5949,3.6361,0.0735,0,0.4,0.4,0.4,0.1245,-0.4771,-4.489,-0.16,0.1443,-5.4846,-4.4955,0.03,-2.4738,-2.9615,-4.4996,0.08
49.8,5.0063,3.595,3.6338,0.0726,0,0.4,0.4,0.4,0.1522,-0.478,-4.4895,-0.16,0.172,-5.4842,-4.4964,0.03,-2.4452,-2.9634,-4.4996,0.09
49.9,5.0049,3.5953,3.6317,0.0721,0,0.4,0.4,0.4,0.1802,-0.479,-4.4897,-0.16,0.1998,-5.4838,-4.4972,0.02,-2.4168,-2.9653,-4.4997,0.1
49.999,5.0037,3.5957,3.63,0.0717,0,0.4,0.4,0.4,0.208,-0.4797,-4.4898,-0.16,0.2277,-5.4834,-4.4978,0.01,-2.3886,-2.9671,-4.5001,0.09
50.099,5.0027,3.5963,3.6282,0.0714,0,0.4,0.4,0.4,0.2358,-0.4803,-4.4902,-0.15,0.2555,-5.483,-4.4984,0.0,-2.3604,-2.969,-4.5004,0.08
50.199,5.0019,3.5968,3.6268,0.071,0,0.4,0.4,0.4,0.2634,-0.4809,-4.4903,-0.15,0.2833,-5.4827,-4.499,-0.01,-2.3324,-2.9705,-4.5007,0.06
50.299,5.0011,3.597,3.6255,0.0708,0,0.4,0.4,0.4,0.2911,-0.4813,-4.4902,-0.15,0.3111,-5.4824,-4.4995,-0.02,-2.3044,-2.9717,-4.5007,0.04
50.399,5.0004,3.5971,3.6247,0.0706,0,0.4,0.4,0.4,0.3191,-0.4817,-4.4902,-0.15,0.3391,-5.4821,-4.4997,-0.04,-2.2762,-2.9724,-4.5007,0.03
50.499,5.0,3.5969,3.6242,0.0704,0,0.4,0.4,0.4,0.3468,-0.482,-4.4903,-0.14,0.3669,-5.482,-4.4998,-0.04,-2.2482,-2.9728,-4.5005,0.03
50.599,5.0002,3.597,3.6244,0.0705,0,0.4,0.4,0.4,0.3747,-0.482,-4.4905,-0.14,0.3949,-5.4822,-4.4996,-0.06,-2.2204,-2.9729,-4.5002,0.02
50.699,5.0009,3.5975,3.6256,0.0711,0,0.4,0.4,0.4,0.4028,-0.4818,-4.4905,-0.14,0.4231,-5.4827,-4.4992,-0.07,-2.1931,-2.9726,-4.5,0.02
50.799,5.0013,3.5979,3.6276,0.072,0,0.4,0.4,0.4,0.4309,-0.4819,-4.4905,-0.14,0.4516,-5.4832,-4.4985,-0.08,-2.1661,-2.9719,-4.5001,0.03
50.899,5.0019,3.5981,3.6296,0.073,0,0.4,0.4,0.4,0.4589,-0.4817,-4.4906,-0.13,0.4801,-5.4836,-4.4978,-0.08,-2.1392,-2.9709,-4.5,0.03
50.999,5.0026,3.598,3.6313,0.0736,0,0.4,0.4,0.4,0.4867,-0.4814,-4.491,-0.11,0.5084,-5.4839,-4.4972,-0.09,-2.1119,-2.9699,-4.4999,0.03
51.099,5.003,3.5977,3.6325,0.074,0,0.4,0.4,0.4,0.5149,-0.481,-4.4917,-0.1,0.5366,-5.484,-4.4968,-0.1,-2.0842,-2.9687,-4.4997,0.03
51.199,5.0033,3.5976,3.6337,0.0744,0,0.4,0.4,0.4,0.5432,-0.4805,-4.4925,-0.09,0.5648,-5.4838,-4.4968,-0.09,-2.0565,-2.9673,-4.4994,0.04
51.299,5.004,3.5978,3.6346,0.0747,0,0.4,0.4,0.4,0.5718,-0.4798,-4.4934,-0.09,0.5929,-5.4837,-4.497,-0.08,-2.0286,-2.9662,-4.4992,0.04
51.399,5.0046,3.5978,3.6352,0.0749,0,0.4,0.4,0.4,0.6003,-0.4794,-4.4943,-0.1,0.6209,-5.484,-4.4973,-0.06,-2.0004,-2.9654,-4.499,0.03
51.499,5.0047,3.5975,3.6354,0.0749,0,0.4,0.4,0.4,0.629,-0.4795,-4.4951,-0.1,0.6492,-5.4841,-4.4974,-0.04,-1.9719,-2.9649,-4.4987,0.03
51.599,5.0036,3.5966,3.6346,0.0744,0,0.4,0.4,0.4,0.6573,-0.4798,-4.4955,-0.09,0.6775,-5.4834,-4.4971,-0.02,-1.9428,-2.9646,-4.4982,0.03
51.699,5.0021,3.5958,3.6329,0.0737,0,0.4,0.4,0.4,0.6857,-0.4801,-4.4956,-0.09,0.7056,-5.4821,-4.4964,-0.02,-1.9137,-2.9647,-4.4974,0.02
51.799,5.0005,3.5958,3.6313,0.0734,0,0.4,0.4,0.4,0.7139,-0.4803,-4.4956,-0.08,0.7337,-5.4807,-4.4957,-0.03,-1.8852,-2.9651,-4.4967,0.01
51.899,4.9988,3.596,3.6303,0.0734,0,0.4,0.4,0.4,0.742,-0.4804,-4.4959,-0.07,0.7619,-5.4792,-4.4952,-0.03,-1.8572,-2.9653,-4.4962,0.01
51.999,4.9976,3.5963,3.6296,0.0736,0,0.4,0.4,0.4,0.7701,-0.4802,-4.4964,-0.07,0.79,-5.4778,-4.4949,-0.03,-1.8295,-2.9653,-4.4955,-0.0
52.099,4.9967,3.5967,3.629,0.0737,0,0.4,0.4,0.4,0.7982,-0.48,-4.497,-0.06,0.818,-5.4767,-4.4945,-0.04,-1.8016,-2.9652,-4.4947,-0.01
52.199,4.9961,3.597,3.6285,0.0738,0,0.4,0.4,0.4,0.8266,-0.4798,-4.4975,-0.06,0.8463,-5.4758,-4.4942,-0.05,-1.7735,-2.9652,-4.4939,-0.02
52.299,4.9958,3.5976,3.6282,0.074,0,0.4,0.4,0.4,0.8553,-0.4796,-4.498,-0.06,0.8747,-5.4754,-4.494,-0.06,-1.7453,-2.9655,-4.4932,-0.01
52.399,4.9961,3.5988,3.6282,0.0744,0,0.4,0.4,0.4,0.8845,-0.479,-4.4984,-0.06,0.9034,-5.4751,-4.4938,-0.06,-1.717,-2.9656,-4.4928,0.02
52.499,4.9971,3.6003,3.6287,0.075,0,0.4,0.4,0.4,0.9139,-0.478,-4.4983,-0.07,0.932,-5.4751,-4.4939,-0.06,-1.689,-2.9655,-4.4929,0.03
52.599,4.9986,3.6023,3.6287,0.0754,0,0.4,0.4,0.4,0.9429,-0.4767,-4.498,-0.07,0.9601,-5.4753,-4.4941,-0.07,-1.6611,-2.9659,-4.4933,0.04
52.699,5.0001,3.6042,3.6285,0.0756,0,0.4,0.4,0.4,0.9717,-0.4756,-4.4977,-0.07,0.988,-5.4757,-4.4943,-0.08,-1.6331,-2.9666,-4.494,0.04
52.799,5.0012,3.6057,3.6279,0.0756,0,0.4,0.4,0.4,1.0006,-0.4748,-4.4973,-0.06,1.0161,-5.476,-4.4944,-0.07,-1.6048,-2.9674,-4.4948,0.05
52.899,5.0016,3.6069,3.6267,0.0754,0,0.4,0.4,0.4,1.0296,-0.4743,-4.4968,-0.06,1.044,-5.4759,-4.4945,-0.06,-1.5761,-2.9683,-4.4955,0.04
52.999,5.0013,3.608,3.6252,0.0753,0,0.4,0.4,0.4,1.0586,-0.4742,-4.4962,-0.06,1.0719,-5.4754,-4.4944,-0.05,-1.5475,-2.9693,-4.4957,0.02
53.099,5.0006,3.6089,3.6236,0.0752,0,0.4,0.4,0.4,1.0876,-0.4742,-4.4959,-0.05,1.0998,-5.4748,-4.4941,-0.05,-1.519,-2.9703,-4.4955,0.0
53.199,5.0001,3.6093,3.6223,0.0749,0,0.4,0.4,0.4,1.1162,-0.4744,-4.4958,-0.04,1.1276,-5.4745,-4.4939,-0.04,-1.4904,-2.971,-4.4951,0.01
53.299,5.0,3.609,3.6215,0.0744,0,0.4,0.4,0.4,1.1446,-0.4744,-4.4956,-0.02,1.1554,-5.4743,-4.4937,-0.04,-1.4616,-2.971,-4.495,0.0
53.399,5.0,3.6081,3.6216,0.074,0,0.4,0.4,0.4,1.1729,-0.4744,-4.4953,-0.0,1.1833,-5.4743,-4.4935,-0.05,-1.4329,-2.97,-4.4951,-0.01
53.499,5.0001,3.6067,3.6223,0.0737,0,0.4,0.4,0.4,1.2009,-0.4743,-4.495,0.01,1.2111,-5.4744,-4.4934,-0.05,-1.4044,-2.9684,-4.4952,-0.01
53.599,5.0009,3.605,3.6235,0.0733,0,0.4,0.4,0.4,1.2289,-0.4741,-4.4948,0.02,1.2387,-5.475,-4.4935,-0.06,-1.3758,-2.9663,-4.4952,-0.02
53.699,5.0019,3.6036,3.625,0.0732,0,0.4,0.4,0.4,1.2569,-0.4738,-4.4944,0.02,1.2663,-5.4757,-4.4932,-0.08,-1.3477,-2.9641,-4.4951,-0.02
53.799,5.0029,3.6031,3.6269,0.0736,0,0.4,0.4,0.4,1.2851,-0.4734,-4.4939,0.03,1.2941,-5.4763,-4.493,-0.09,-1.3202,-2.9623,-4.495,-0.01
53.899,5.0041,3.6033,3.6286,0.0743,0,0.4,0.4,0.4,1.3134,-0.4729,-4.4933,0.03,1.3219,-5.477,-4.493,-0.1,-1.2929,-2.961,-4.4952,-0.0
53.999,5.0051,3.6035,3.6299,0.0747,0,0.4,0.4,0.4,1.3417,-0.4726,-4.4927,0.02,1.3497,-5.4776,-4.4927,-0.1,-1.2654,-2.9602,-4.4953,0.0
54.099,5.0057,3.6037,3.6309,0.0752,0,0.4,0.4,0.4,1.3703,-0.4725,-4.4926,0.01,1.3778,-5.4782,-4.492,-0.1,-1.2376,-2.9596,-4.4956,0.01
54.199,5.0056,3.604,3.631,0.0755,0,0.4,0.4,0.4,1.3992,-0.4728,-4.4926,-0.01,1.4059,-5.4783,-4.4912,-0.11,-1.2094,-2.9595,-4.4963,0.01
54.299,5.0046,3.6045,3.6302,0.0756,0,0.4,0.4,0.4,1.4283,-0.473,-4.4928,-0.03,1.4339,-5.4776,-4.4906,-0.11,-1.1811,-2.9597,-4.4974,0.02
54.399,5.0035,3.6052,3.6291,0.0758,0,0.4,0.4,0.4,1.4575,-0.4731,-4.4929,-0.05,1.4619,-5.4766,-4.49,-0.11,-1.1527,-2.9599,-4.4986,0.03
54.499,5.0024,3.6063,3.628,0.0762,0,0.4,0.4,0.4,1.4868,-0.4731,-4.4928,-0.06,1.4899,-5.4755,-4.4894,-0.11,-1.1247,-2.9602,-4.4998,0.04
54.599,5.0011,3.6077,3.6272,0.0768,0,0.4,0.4,0.4,1.5159,-0.4732,-4.4925,-0.08,1.5178,-5.4743,-4.4893,-0.1,-1.0971,-2.9606,-4.5007,0.05
54.699,5.0002,3.6089,3.6264,0.0772,0,0.4,0.4,0.4,1.5449,-0.4735,-4.4924,-0.11,1.5455,-5.4737,-4.4892,-0.09,-1.0695,-2.9613,-4.5012,0.05
54.799,4.9988,3.6099,3.6254,0.0776,0,0.4,0.4,0.4,1.5738,-0.4737,-4.4927,-0.13,1.5735,-5.4725,-4.4889,-0.07,-1.0417,-2.9618,-4.5014,0.05
54.899,4.9978,3.6105,3.6241,0.0775,0,0.4,0.4,0.4,1.6024,-0.4734,-4.4932,-0.14,1.6016,-5.4712,-4.4884,-0.05,-1.0134,-2.9621,-4.5015,0.05
54.999,4.9972,3.6107,3.6225,0.0771,0,0.4,0.4,0.4,1.6307,-0.4729,-4.4938,-0.14,1.6292,-5.4701,-4.4879,-0.03,-0.9848,-2.9622,-4.5016,0.05
55.099,4.9961,3.6104,3.6207,0.0764,0,0.4,0.4,0.4,1.659,-0.473,-4.4946,-0.15,1.6567,-5.469,-4.4877,-0.02,-0.9559,-2.9624,-4.5017,0.06
55.199,4.9952,3.6097,3.6189,0.0755,0,0.4,0.4,0.4,1.6871,-0.4731,-4.4954,-0.14,1.6842,-5.4682,-4.4876,-0.02,-0.9268,-2.9625,-4.5017,0.07
55.299,4.9949,3.6092,3.6174,0.0746,0,0.4,0.4,0.4,1.7149,-0.473,-4.4963,-0.14,1.7118,-5.4679,-4.488,-0.03,-0.8979,-2.9629,-4.5019,0.08
55.399,4.9951,3.6089,3.6159,0.0736,0,0.4,0.4,0.4,1.7428,-0.473,-4.4971,-0.13,1.7394,-5.468,-4.4881,-0.04,-0.8688,-2.9637,-4.5017,0.1
55.499,4.9952,3.6086,3.6148,0.0729,0,0.4,0.4,0.4,1.771,-0.4731,-4.4977,-0.12,1.7674,-5.4683,-4.4882,-0.05,-0.8397,-2.9644,-4.5011,0.12
55.599,4.9957,3.6087,3.6139,0.0723,0,0.4,0.4,0.4,1.7995,-0.4731,-4.4985,-0.12,1.7954,-5.4688,-4.4887,-0.05,-0.8107,-2.9651,-4.5004,0.14
55.699,4.9968,3.6091,3.6133,0.0718,0,0.4,0.4,0.4,1.8285,-0.4731,-4.4989,-0.13,1.8234,-5.4698,-4.4894,-0.05,-0.7815,-2.9658,-4.4998,0.15
55.799,4.9979,3.6095,3.6131,0.0715,0,0.4,0.4,0.4,1.8577,-0.4731,-4.499,-0.13,1.8516,-5.4711,-4.4902,-0.06,-0.7524,-2.9663,-4.4991,0.15
55.899,4.9988,3.6095,3.6127,0.0711,0,0.4,0.4,0.4,1.8865,-0.4733,-4.4988,-0.14,1.8798,-5.4721,-4.4906,-0.07,-0.7233,-2.9669,-4.4984,0.14
55.999,5.0001,3.609,3.6126,0.0703,0,0.4,0.4,0.4,1.9149,-0.4732,-4.4985,-0.14,1.908,-5.4734,-4.4908,-0.08,-0.6938,-2.9671,-4.4975,0.13
56.099,5.0015,3.6086,3.6124,0.0696,0,0.4,0.4,0.4,1.9434,-0.4728,-4.4985,-0.14,1.9367,-5.4743,-4.4908,-0.07,-0.6642,-2.9673,-4.4967,0.11
56.199,5.0025,3.6086,3.6122,0.0692,0,0.4,0.4,0.4,1.9724,-0.4722,-4.4983,-0.13,1.9655,-5.4747,-4.491,-0.06,-0.6347,-2.9673,-4.4962,0.12
56.299,5.003,3.6089,3.6117,0.0689,0,0.4,0.4,0.4,2.0014,-0.4716,-4.4977,-0.13,1.9942,-5.4746,-4.4911,-0.03,-0.6054,-2.9673,-4.496,0.12
56.399,5.0032,3.6088,3.6113,0.0687,0,0.4,0.4,0.4,2.03,-0.4712,-4.4968,-0.12,2.0226,-5.4744,-4.4907,-0.01,-0.5765,-2.9671,-4.4959,0.13
56.499,5.0032,3.6084,3.6113,0.0685,0,0.4,0.4,0.4,2.0584,-0.4709,-4.496,-0.11,2.0507,-5.4741,-4.4903,-0.0,-0.548,-2.9664,-4.4957,0.12
56.599,5.0032,3.6083,3.6111,0.0683,0,0.4,0.4,0.4,2.0867,-0.4707,-4.4956,-0.1,2.0786,-5.4739,-4.49,0.0,-0.5196,-2.966,-4.4952,0.11
56.699,5.0038,3.6087,3.6114,0.0684,0,0.4,0.4,0.4,2.115,-0.4702,-4.4952,-0.09,2.1067,-5.474,-4.49,0.0,-0.4916,-2.9658,-4.495,0.11
56.799,5.0046,3.6091,3.612,0.0687,0,0.4,0.4,0.4,2.1434,-0.4697,-4.495,-0.09,2.1351,-5.4743,-4.4904,0.01,-0.4635,-2.9656,-4.4949,0.1
56.899,5.0047,3.6087,3.6123,0.0686,0,0.4,0.4,0.4,2.1718,-0.4698,-4.4951,-0.09,2.1634,-5.4745,-4.491,0.01,-0.4351,-2.9651,-4.4947,0.09
56.999,5.0043,3.608,3.6126,0.0686,0,0.4,0.4,0.4,2.2,-0.4703,-4.4954,-0.09,2.1918,-5.4746,-4.4915,0.0,-0.4067,-2.9649,-4.4942,0.09
57.099,5.0034,3.6072,3.6129,0.0686,0,0.4,0.4,0.4,2.2278,-0.4709,-4.4956,-0.09,2.2205,-5.4743,-4.4921,-0.0,-0.3785,-2.9647,-4.4937,0.06
57.199,5.0028,3.6068,3.6134,0.0689,0,0.4,0.4,0.4,2.2556,-0.4712,-4.4958,-0.08,2.2494,-5.474,-4.4928,0.0,-0.3505,-2.9646,-4.4932,0.03
57.299,5.0024,3.606,3.6142,0.0691,0,0.4,0.4,0.4,2.2829,-0.4714,-4.4959,-0.08,2.2784,-5.4738,-4.4935,0.0,-0.3226,-2.9643,-4.4929,0.01
57.399,5.0018,3.6049,3.6151,0.0692,0,0.4,0.4,0.4,2.3101,-0.4716,-4.4958,-0.08,2.3075,-5.4734,-4.4941,0.01,-0.2946,-2.9637,-4.4924,-0.0
57.499,5.0015,3.6041,3.6162,0.0695,0,0.4,0.4,0.4,2.3376,-0.4717,-4.4958,-0.08,2.3364,-5.4732,-4.4944,0.02,-0.2667,-2.9631,-4.4918,-0.01
57.599,5.0015,3.6034,3.6175,0.0698,0,0.4,0.4,0.4,2.3656,-0.4718,-4.496,-0.08,2.3652,-5.4733,-4.4947,0.01,-0.2387,-2.9622,-4.491,-0.01
57.699,5.0015,3.6025,3.6185,0.07,0,0.4,0.4,0.4,2.3941,-0.472,-4.4964,-0.07,2.3936,-5.4735,-4.495,0.0,-0.2103,-2.9609,-4.4906,-0.01
57.799,5.0017,3.6018,3.6195,0.0702,0,0.4,0.4,0.4,2.4227,-0.472,-4.4967,-0.07,2.4216,-5.4737,-4.4954,-0.01,-0.1822,-2.9596,-4.4907,-0.01
57.899,5.0017,3.6014,3.6202,0.0705,0,0.4,0.4,0.4,2.4514,-0.472,-4.4968,-0.07,2.4494,-5.4737,-4.4959,-0.01,-0.1541,-2.9581,-4.4908,-0.0
57.999,5.0015,3.6011,3.6207,0.0708,0,0.4,0.4,0.4,2.4804,-0.4721,-4.4971,-0.07,2.4773,-5.4735,-4.4962,-0.0,-0.1259,-2.957,-4.4908,0.01
58.099,5.0009,3.6012,3.6208,0.0711,0,0.4,0.4,0.4,2.5094,-0.4725,-4.4975,-0.08,2.5055,-5.4734,-4.4965,0.01,-0.0978,-2.9568,-4.4909,0.03
58.199,5.0002,3.6012,3.621,0.0714,0,0.4,0.4,0.4,2.5383,-0.4731,-4.4976,-0.06,2.534,-5.4733,-4.4966,0.02,-0.0695,-2.9567,-4.4912,0.04
58.299,4.9991,3.6011,3.6208,0.0716,0,0.4,0.4,0.4,2.5669,-0.4738,-4.4972,-0.05,2.5624,-5.4728,-4.4967,0.04,-0.0413,-2.9567,-4.4913,0.05
58.399,4.998,3.601,3.6202,0.0716,0,0.4,0.4,0.4,2.5954,-0.4744,-4.4969,-0.04,2.5906,-5.4724,-4.4966,0.05,-0.0131,-2.957,-4.4915,0.05
58.499,4.9968,3.6016,3.6194,0.0718,0,0.4,0.4,0.4,2.6245,-0.4751,-4.4965,-0.03,2.6184,-5.4719,-4.4965,0.07,0.015,-2.9574,-4.4917,0.04
58.599,4.9958,3.6023,3.6185,0.072,0,0.4,0.4,0.4,2.6536,-0.4756,-4.496,-0.03,2.646,-5.4715,-4.4967,0.08,0.043,-2.9579,-4.4921,0.04
58.699,4.9951,3.603,3.6177,0.0721,0,0.4,0.4,0.4,2.6826,-0.4759,-4.4954,-0.03,2.6736,-5.471,-4.4968,0.08,0.071,-2.9582,-4.4925,0.03
58.799,4.9939,3.603,3.617,0.0722,0,0.4,0.4,0.4,2.7116,-0.4764,-4.4948,-0.02,2.7012,-5.4703,-4.4966,0.08,0.0993,-2.9578,-4.4927,0.03
58.899,4.9925,3.6026,3.6159,0.072,0,0.4,0.4,0.4,2.7406,-0.477,-4.4943,-0.01,2.7288,-5.4695,-4.4963,0.09,0.1279,-2.9575,-4.493,0.03
58.999,4.9914,3.6025,3.615,0.0719,0,0.4,0.4,0.4,2.7698,-0.4776,-4.494,-0.01,2.7563,-5.4691,-4.4963,0.1,0.1564,-2.9572,-4.4931,0.04
59.099,4.9904,3.6024,3.6145,0.072,0,0.4,0.4,0.4,2.7993,-0.4784,-4.4941,-0.0,2.784,-5.4688,-4.4964,0.11,0.185,-2.9569,-4.4932,0.03
59.199,4.9892,3.6023,3.6145,0.0723,0,0.4,0.4,0.4,2.8287,-0.4794,-4.4939,-0.0,2.8123,-5.4685,-4.4963,0.12,0.2134,-2.9566,-4.4935,0.02
59.299,4.9883,3.6027,3.6148,0.073,0,0.4,0.4,0.4,2.8581,-0.4801,-4.4938,-0.0,2.8412,-5.4684,-4.4963,0.14,0.2416,-2.9566,-4.4937,0.01
59.399,4.9873,3.603,3.615,0.0735,0,0.4,0.4,0.4,2.8873,-0.4806,-4.4939,-0.01,2.87,-5.4679,-4.4963,0.15,0.2698,-2.9565,-4.4936,0.01
59.499,4.9861,3.6028,3.615,0.0739,0,0.4,0.4,0.4,2.9162,-0.4812,-4.4944,-0.02,2.8986,-5.4673,-4.4962,0.15,0.2981,-2.9562,-4.4936,0.01
59.599,4.9851,3.6027,3.6152,0.0742,0,0.4,0.4,0.4,2.9448,-0.4817,-4.4951,-0.01,2.9276,-5.4668,-4.4958,0.15,0.3264,-2.9562,-4.494,0.01
59.699,4.9847,3.6028,3.6151,0.0743,0,0.4,0.4,0.4,2.9732,-0.4816,-4.4958,-0.01,2.9566,-5.4663,-4.495,0.16,0.3548,-2.9564,-4.4944,0.01
59.799,4.9841,3.6028,3.6148,0.0743,0,0.4,0.4,0.4,3.0018,-0.4818,-4.4965,-0.01,2.9856,-5.4658,-4.4941,0.17,0.3835,-2.9567,-4.4947,0.01
59.899,4.9835,3.6034,3.6141,0.0743,0,0.4,0.4,0.4,3.0306,-0.4817,-4.4971,0.0,3.0147,-5.4652,-4.4933,0.18,0.4124,-2.9573,-4.4949,0.01
59.999,4.9833,3.6048,3.6131,0.0745,0,0.4,0.4,0.4,3.06,-0.4813,-4.4975,0.0,3.0437,-5.4646,-4.4926,0.18,0.4411,-2.9584,-4.4953,0.01
60.099,4.9834,3.6067,3.6119,0.0746,0,0.4,0.4,0.4,3.0895,-0.4808,-4.4977,0.0,3.0724,-5.4641,-4.4922,0.17,0.4698,-2.9597,-4.4954,0.0
60.199,4.9837,3.6082,3.6109,0.0747,0,0.4,0.4,0.4,3.1188,-0.4803,-4.4978,0.0,3.1011,-5.4639,-4.4923,0.16,0.4985,-2.9609,-4.4956,-0.01
60.299,4.9837,3.6091,3.6102,0.0747,0,0.4,0.4,0.4,3.1479,-0.4801,-4.4977,0.0,3.1299,-5.4638,-4.4924,0.16,0.5274,-2.9618,-4.4958,-0.04
60.399,4.9834,3.6099,3.6093,0.0747,0,0.4,0.4,0.4,3.1771,-0.4801,-4.4974,0.0,3.1587,-5.4635,-4.4927,0.17,0.5562,-2.9626,-4.4961,-0.07
60.499,4.9833,3.6109,3.6082,0.0746,0,0.4,0.4,0.4,3.207,-0.4801,-4.4969,-0.02,3.1871,-5.4633,-4.493,0.17,0.5854,-2.9632,-4.4965,-0.08
60.599,4.9836,3.6123,3.6071,0.0746,0,0.4,0.4,0.4,3.2372,-0.4797,-4.4965,-0.03,3.2154,-5.4633,-4.4935,0.17,0.6146,-2.9638,-4.4968,-0.08
60.699,4.9846,3.614,3.6065,0.0748,0,0.4,0.4,0.4,3.2671,-0.4791,-4.4958,-0.04,3.2439,-5.4636,-4.4943,0.17,0.6436,-2.9646,-4.4971,-0.07
60.799,4.9862,3.6154,3.6065,0.0749,0,0.4,0.4,0.4,3.2965,-0.4782,-4.4954,-0.04,3.2725,-5.4643,-4.495,0.16,0.6723,-2.9652,-4.4972,-0.05
60.899,4.9874,3.6166,3.6068,0.0752,0,0.4,0.4,0.4,3.3256,-0.4776,-4.4951,-0.04,3.3012,-5.4649,-4.4955,0.15,0.7008,-2.9655,-4.4969,-0.03
60.999,4.9879,3.6173,3.6068,0.0754,0,0.4,0.4,0.4,3.3547,-0.4774,-4.495,-0.05,3.3295,-5.4653,-4.4961,0.15,0.7292,-2.9657,-4.4965,-0.01
61.099,4.9881,3.6177,3.6069,0.0755,0,0.4,0.4,0.4,3.3833,-0.4775,-4.4953,-0.06,3.3573,-5.4656,-4.4966,0.14,0.7571,-2.9658,-4.4964,0.0
61.199,4.988,3.618,3.6067,0.0756,0,0.4,0.4,0.4,3.4118,-0.4778,-4.496,-0.06,3.3851,-5.4657,-4.4976,0.13,0.7852,-2.9659,-4.4965,0.01
61.299,4.9878,3.618,3.6065,0.0756,0,0.4,0.4,0.4,3.4399,-0.4782,-4.497,-0.07,3.4129,-5.4659,-4.4985,0.12,0.8132,-2.9662,-4.4965,0.01
61.399,4.9875,3.618,3.6066,0.0757,0,0.4,0.4,0.4,3.4682,-0.4786,-4.4977,-0.08,3.4412,-5.4661,-4.4992,0.1,0.8413,-2.9664,-4.4962,-0.0
61.499,4.9872,3.6182,3.6066,0.0759,0,0.4,0.4,0.4,3.4968,-0.479,-4.4984,-0.1,3.4695,-5.4662,-4.4996,0.07,0.8694,-2.9666,-4.4961,-0.01
61.599,4.9865,3.6181,3.6067,0.0762,0,0.4,0.4,0.4,3.5256,-0.4796,-4.4992,-0.11,3.4978,-5.4661,-4.4999,0.04,0.8977,-2.9665,-4.4962,-0.02
61.699,4.9854,3.6178,3.6068,0.0765,0,0.4,0.4,0.4,3.5543,-0.4803,-4.5,-0.11,3.5261,-5.4657,-4.5001,0.02,0.9258,-2.9662,-4.4962,-0.03
61.799,4.9846,3.6175,3.6071,0.0767,0,0.4,0.4,0.4,3.5828,-0.4807,-4.5007,-0.11,3.5542,-5.4652,-4.5004,0.01,0.9537,-2.9654,-4.4961,-0.02
61.899,4.9836,3.617,3.607,0.0768,0,0.4,0.4,0.4,3.6112,-0.481,-4.5015,-0.1,3.5822,-5.4645,-4.5003,-0.0,0.9819,-2.9647,-4.4961,-0.02
61.999,4.9824,3.6159,3.6065,0.0765,0,0.4,0.4,0.4,3.6391,-0.4813,-4.5019,-0.09,3.6099,-5.4636,-4.4999,-0.01,1.0101,-2.964,-4.496,-0.03
62.099,4.982,3.6149,3.6065,0.0762,0,0.4,0.4,0.4,3.6668,-0.4812,-4.5022,-0.08,3.6377,-5.4631,-4.4993,-0.02,1.0384,-2.963,-4.4957,-0.03
62.199,4.9821,3.6141,3.6066,0.0759,0,0.4,0.4,0.4,3.6947,-0.4809,-4.5024,-0.07,3.6654,-5.4629,-4.4985,-0.04,1.0667,-2.962,-4.4953,-0.03
62.299,4.9823,3.6142,3.6065,0.0758,0,0.4,0.4,0.4,3.723,-0.4802,-4.5024,-0.06,3.6931,-5.4624,-4.4977,-0.05,1.0948,-2.9611,-4.4952,-0.04
62.399,4.9827,3.6144,3.6067,0.0759,0,0.4,0.4,0.4,3.7515,-0.4793,-4.5022,-0.05,3.7211,-5.4619,-4.4971,-0.06,1.123,-2.9602,-4.4956,-0.05
62.499,4.9837,3.6145,3.6076,0.076,0,0.4,0.4,0.4,3.7798,-0.478,-4.502,-0.05,3.7497,-5.4617,-4.4969,-0.06,1.1513,-2.9591,-4.4961,-0.06
62.599,4.9848,3.6147,3.6086,0.0763,0,0.4,0.4,0.4,3.808,-0.4768,-4.5018,-0.04,3.7785,-5.4614,-4.4969,-0.06,1.1794,-2.958,-4.4966,-0.07
62.699,4.9851,3.6147,3.6094,0.0765,0,0.4,0.4,0.4,3.8364,-0.4759,-4.5014,-0.04,3.8073,-5.4609,-4.497,-0.06,1.2076,-2.957,-4.497,-0.07
62.799,4.9846,3.6145,3.6099,0.0768,0,0.4,0.4,0.4,3.865,-0.4756,-4.5007,-0.03,3.836,-5.4601,-4.497,-0.06,1.2359,-2.956,-4.4971,-0.08
62.899,4.9842,3.6144,3.6101,0.077,0,0.4,0.4,0.4,3.8937,-0.4754,-4.4999,-0.03,3.8644,-5.4596,-4.4966,-0.05,1.2642,-2.9552,-4.4975,-0.08
62.999,4.9839,3.6145,3.61,0.0771,0,0.4,0.4,0.4,3.9223,-0.4753,-4.4993,-0.03,3.8927,-5.4591,-4.4962,-0.04,1.2924,-2.955,-4.4981,-0.08
63.099,4.9839,3.6151,3.6098,0.0773,0,0.4,0.4,0.4,3.9508,-0.4749,-4.4985,-0.02,3.9211,-5.4587,-4.496,-0.02,1.3206,-2.9551,-4.4988,-0.08
63.199,4.9841,3.6158,3.6096,0.0774,0,0.4,0.4,0.4,3.9795,-0.4743,-4.4974,-0.01,3.9496,-5.4583,-4.496,-0.01,1.349,-2.9552,-4.4993,-0.08
63.299,4.9832,3.6165,3.6084,0.0774,0,0.4,0.4,0.4,4.0081,-0.474,-4.4962,-0.02,3.9781,-5.4571,-4.4959,-0.0,1.3774,-2.9556,-4.4995,-0.09
63.399,4.9815,3.617,3.6069,0.0774,0,0.4,0.4,0.4,4.0368,-0.4739,-4.4953,-0.03,4.0067,-5.4553,-4.4958,0.01,1.406,-2.9561,-4.4995,-0.09
63.499,4.9799,3.6171,3.6051,0.0771,0,0.4,0.4,0.4,4.0656,-0.4739,-4.4946,-0.03,4.0353,-5.4538,-4.4959,0.01,1.4351,-2.9567,-4.4998,-0.09
63.599,4.9791,3.6171,3.6039,0.0768,0,0.4,0.4,0.4,4.0945,-0.4739,-4.4938,-0.04,4.0637,-5.4529,-4.4961,0.01,1.4642,-2.9568,-4.5001,-0.09
63.699,4.9787,3.6165,3.6032,0.0764,0,0.4,0.4,0.4,4.1233,-0.4742,-4.4932,-0.05,4.0919,-5.4528,-4.4961,0.01,1.4934,-2.9566,-4.5005,-0.09
63.799,4.9787,3.615,3.6027,0.0755,0,0.4,0.4,0.4,4.1518,-0.4746,-4.4931,-0.05,4.1202,-5.4533,-4.4963,-0.01,1.5231,-2.9563,-4.5008,-0.1
63.899,4.979,3.6131,3.6026,0.0746,0,0.4,0.4,0.4,4.1802,-0.4749,-4.4931,-0.05,4.1487,-5.4537,-4.4968,-0.02,1.5531,-2.9554,-4.5008,-0.11
63.999,4.979,3.6118,3.6029,0.0741,0,0.4,0.4,0.4,4.2088,-0.475,-4.4933,-0.04,4.1776,-5.454,-4.4973,-0.02,1.5826,-2.9546,-4.5006,-0.11
64.099,4.9791,3.6109,3.6033,0.0739,0,0.4,0.4,0.4,4.2374,-0.4752,-4.4932,-0.03,4.2065,-5.4542,-4.4976,-0.03,1.6118,-2.954,-4.5006,-0.1
64.199,4.9791,3.61,3.6037,0.0737,0,0.4,0.4,0.4,4.2661,-0.4757,-4.4927,-0.03,4.2352,-5.4547,-4.4976,-0.04,1.6408,-2.9535,-4.5005,-0.09
64.299,4.9787,3.6087,3.6043,0.0736,0,0.4,0.4,0.4,4.2946,-0.4767,-4.4921,-0.02,4.2642,-5.4552,-4.4974,-0.04,1.6699,-2.9532,-4.5003,-0.08
64.399,4.9785,3.6077,3.6052,0.0737,0,0.4,0.4,0.4,4.323,-0.4774,-4.4917,-0.02,4.2933,-5.4558,-4.4974,-0.04,1.6986,-2.9529,-4.5,-0.08
64.499,4.9786,3.6071,3.6064,0.074,0,0.4,0.4,0.4,4.3514,-0.4779,-4.4913,-0.01,4.3224,-5.4564,-4.4974,-0.03,1.7269,-2.9524,-4.4999,-0.08
64.599,4.9792,3.6069,3.6077,0.0744,0,0.4,0.4,0.4,4.3799,-0.4779,-4.4908,-0.02,4.3513,-5.457,-4.4977,-0.04,1.7552,-2.9518,-4.4998,-0.08
64.699,4.9801,3.6071,3.6088,0.0748,0,0.4,0.4,0.4,4.4086,-0.4777,-4.4905,-0.03,4.3801,-5.4577,-4.4982,-0.04,1.7835,-2.9515,-4.4998,-0.07
64.799,4.9808,3.6073,3.6095,0.075,0,0.4,0.4,0.4,4.4371,-0.4776,-4.4906,-0.03,4.4087,-5.4583,-4.4985,-0.05,1.8118,-2.9515,-4.4997,-0.05
64.899,4.9807,3.6072,3.6096,0.075,0,0.4,0.4,0.4,4.4654,-0.4779,-4.4913,-0.03,4.4373,-5.4586,-4.4986,-0.06,1.8402,-2.9518,-4.4994,-0.03
64.999,4.9804,3.6068,3.6092,0.0747,0,0.4,0.4,0.4,4.4933,-0.4783,-4.4921,-0.04,4.4658,-5.4586,-4.4986,-0.07,1.8687,-2.9522,-4.4992,-0.02
65.099,4.9799,3.6061,3.6091,0.0745,0,0.4,0.4,0.4,4.5215,-0.4787,-4.4927,-0.04,4.4947,-5.4585,-4.4983,-0.09,1.8976,-2.9523,-4.4991,-0.01
65.199,4.9799,3.6053,3.6093,0.0743,0,0.4,0.4,0.4,4.5499,-0.4788,-4.4933,-0.04,4.5239,-5.4586,-4.4978,-0.1,1.9268,-2.9522,-4.499,0.0
65.299,4.9801,3.605,3.6093,0.074,0,0.4,0.4,0.4,4.5785,-0.4788,-4.4936,-0.04,4.5529,-5.4588,-4.4974,-0.09,1.956,-2.9523,-4.4989,0.01
65.399,4.9801,3.6047,3.6091,0.0738,0,0.4,0.4,0.4,4.6073,-0.479,-4.4942,-0.04,4.5816,-5.459,-4.4971,-0.09,1.985,-2.9524,-4.4988,0.01
65.499,4.9802,3.6047,3.609,0.0738,0,0.4,0.4,0.4,4.636,-0.479,-4.4947,-0.04,4.6102,-5.4591,-4.4968,-0.08,2.0137,-2.9524,-4.4983,0.01
65.599,4.9806,3.6053,3.6084,0.0736,0,0.4,0.4,0.4,4.665,-0.4787,-4.4948,-0.03,4.6384,-5.4592,-4.4963,-0.08,2.0426,-2.9527,-4.4977,0.0
65.699,4.9813,3.606,3.6077,0.0733,0,0.4,0.4,0.4,4.6941,-0.4782,-4.4948,-0.02,4.6667,-5.4594,-4.4957,-0.07,2.0716,-2.9533,-4.4974,-0.0
65.799,4.982,3.6069,3.6067,0.0729,0,0.4,0.4,0.4,4.7231,-0.4776,-4.495,-0.02,4.695,-5.4595,-4.4952,-0.06,2.1007,-2.9539,-4.497,-0.01
65.899,4.9825,3.6075,3.6055,0.0724,0,0.4,0.4,0.4,4.7521,-0.4771,-4.4952,-0.01,4.7234,-5.4595,-4.4946,-0.05,2.1299,-2.9546,-4.4966,-0.01
65.999,4.9828,3.6081,3.6041,0.0719,0,0.4,0.4,0.4,4.7811,-0.4766,-4.4953,-0.01,4.7516,-5.4593,-4.494,-0.04,2.1593,-2.9554,-4.4961,-0.02
66.099,4.9832,3.6084,3.6031,0.0714,0,0.4,0.4,0.4,4.8099,-0.4763,-4.4954,-0.02,4.7798,-5.4594,-4.4933,-0.03,2.1885,-2.9559,-4.4953,-0.03
66.199,4.9828,3.6085,3.6019,0.0709,0,0.4,0.4,0.4,4.8387,-0.4765,-4.4958,-0.04,4.8078,-5.4592,-4.4926,-0.02,2.2175,-2.9564,-4.4946,-0.03
66.299,4.9826,3.6086,3.6008,0.0705,0,0.4,0.4,0.4,4.8676,-0.4765,-4.4962,-0.05,4.8357,-5.459,-4.4921,-0.02,2.2464,-2.9567,-4.4943,-0.03
66.399,4.9828,3.6093,3.5999,0.0703,0,0.4,0.4,0.4,4.8966,-0.4761,-4.4963,-0.04,4.8636,-5.4587,-4.492,-0.03,2.2751,-2.957,-4.4942,-0.03
66.499,4.9828,3.6099,3.5989,0.0701,0,0.4,0.4,0.4,4.9252,-0.4756,-4.4964,-0.04,4.8916,-5.4583,-4.4923,-0.04,2.3037,-2.9573,-4.4947,-0.03
66.599,4.9823,3.6106,3.5975,0.0699,0,0.4,0.4,0.4,4.9537,-0.4753,-4.4962,-0.03,4.9196,-5.4574,-4.4928,-0.05,2.3322,-2.958,-4.4958,-0.02
66.699,4.9818,3.6113,3.5959,0.0695,0,0.4,0.4,0.4,4.9822,-0.475,-4.4964,-0.03,4.9479,-5.4567,-4.493,-0.05,2.361,-2.9591,-4.4971,-0.01
66.799,4.9814,3.6118,3.5942,0.0691,0,0.4,0.4,0.4,5.0103,-0.4745,-4.4963,-0.04,4.9765,-5.4558,-4.4932,-0.06,2.3899,-2.9602,-4.4983,-0.01
66.899,4.9812,3.6124,3.5928,0.0688,0,0.4,0.4,0.4,5.0385,-0.4738,-4.496,-0.04,5.0049,-5.4549,-4.4935,-0.05,2.4187,-2.961,-4.4993,-0.01
66.999,4.9811,3.613,3.592,0.0687,0,0.4,0.4,0.4,5.0667,-0.4732,-4.4957,-0.04,5.0334,-5.4542,-4.4937,-0.05,2.4471,-2.9615,-4.5,-0.0
67.099,4.9813,3.6137,3.5917,0.0689,0,0.4,0.4,0.4,5.0951,-0.4727,-4.4957,-0.03,5.0619,-5.4539,-4.494,-0.03,2.4754,-2.9619,-4.5008,0.0
67.199,4.9818,3.6148,3.5918,0.0692,0,0.4,0.4,0.4,5.1236,-0.4721,-4.4956,-0.03,5.0908,-5.4539,-4.4944,-0.02,2.5036,-2.9624,-4.5013,0.0
67.299,4.9823,3.6158,3.5921,0.0697,0,0.4,0.4,0.4,5.1524,-0.4715,-4.4954,-0.01,5.12,-5.4537,-4.4949,-0.01,2.5318,-2.9628,-4.5017,0.01
67.399,4.9824,3.6167,3.5926,0.0703,0,0.4,0.4,0.4,5.1812,-0.4708,-4.495,0.01,5.1492,-5.4531,-4.4956,-0.0,2.56,-2.9627,-4.5019,0.03
67.499,4.9818,3.617,3.5926,0.0707,0,0.4,0.4,0.4,5.2097,-0.4705,-4.4948,0.02,5.1786,-5.4522,-4.4962,0.0,2.5884,-2.9627,-4.5019,0.06
67.599,4.9804,3.6167,3.5923,0.0709,0,0.4,0.4,0.4,5.2381,-0.4707,-4.4943,0.02,5.2078,-5.451,-4.497,0.01,2.6168,-2.9627,-4.5019,0.09
67.699,4.9788,3.616,3.5919,0.0709,0,0.4,0.4,0.4,5.2659,-0.4711,-4.4937,0.02,5.2368,-5.4498,-4.4977,0.02,2.6453,-2.9627,-4.502,0.11
67.799,4.9771,3.6153,3.5917,0.071,0,0.4,0.4,0.4,5.2936,-0.4714,-4.4931,0.01,5.2658,-5.4484,-4.498,0.03,2.6734,-2.9624,-4.502,0.14
67.899,4.9752,3.6144,3.5912,0.0709,0,0.4,0.4,0.4,5.3212,-0.4717,-4.4929,-0.0,5.2943,-5.4468,-4.4983,0.04,2.7016,-2.962,-4.5018,0.14
67.999,4.9733,3.6133,3.5907,0.0707,0,0.4,0.4,0.4,5.3487,-0.4723,-4.4931,-0.02,5.323,-5.4455,-4.4987,0.06,2.7299,-2.9618,-4.5013,0.14
68.099,4.9718,3.6125,3.5901,0.0705,0,0.4,0.4,0.4,5.3762,-0.4727,-4.4934,-0.03,5.3518,-5.4444,-4.4989,0.07,2.7584,-2.962,-4.5006,0.13
68.199,4.9708,3.6119,3.5893,0.0703,0,0.4,0.4,0.4,5.4037,-0.4727,-4.4934,-0.03,5.3805,-5.4435,-4.4987,0.08,2.7869,-2.9623,-4.5001,0.13
68.299,4.9703,3.6119,3.5888,0.0702,0,0.4,0.4,0.4,5.4313,-0.4725,-4.4932,-0.04,5.4092,-5.4428,-4.4984,0.08,2.8151,-2.9628,-4.4995,0.14
68.399,4.9698,3.6123,3.5885,0.0704,0,0.4,0.4,0.4,5.4593,-0.4724,-4.4929,-0.05,5.4382,-5.4421,-4.4983,0.08,2.8434,-2.9634,-4.4989,0.14
68.499,4.9692,3.6123,3.588,0.0704,0,0.4,0.4,0.4,5.4871,-0.4725,-4.4924,-0.06,5.4672,-5.4417,-4.4983,0.07,2.8717,-2.9643,-4.4987,0.13
68.599,4.9686,3.6119,3.5872,0.0701,0,0.4,0.4,0.4,5.5143,-0.4728,-4.4921,-0.06,5.4959,-5.4413,-4.4983,0.07,2.9002,-2.9653,-4.4986,0.12
68.699,4.9683,3.6109,3.5865,0.0695,0,0.4,0.4,0.4,5.5413,-0.4727,-4.492,-0.05,5.5246,-5.441,-4.4983,0.06,2.9291,-2.9657,-4.4985,0.11
68.799,4.9681,3.6097,3.5862,0.0689,0,0.4,0.4,0.4,5.5684,-0.4726,-4.4925,-0.04,5.5534,-5.4407,-4.4985,0.06,2.9581,-2.9658,-4.4984,0.12
68.899,4.9682,3.6081,3.5861,0.068,0,0.4,0.4,0.4,5.5955,-0.4725,-4.4934,-0.03,5.582,-5.4407,-4.4986,0.06,2.9871,-2.9654,-4.4981,0.12
68.999,4.9681,3.6064,3.5864,0.0673,0,0.4,0.4,0.4,5.6232,-0.4727,-4.4945,-0.03,5.6107,-5.4408,-4.4986,0.07,3.0163,-2.9647,-4.4981,0.13
69.099,4.9679,3.6046,3.5869,0.0668,0,0.4,0.4,0.4,5.6512,-0.4731,-4.4954,-0.02,5.6395,-5.441,-4.4985,0.08,3.0454,-2.9638,-4.4982,0.14
69.199,4.9679,3.6032,3.5875,0.0664,0,0.4,0.4,0.4,5.6794,-0.4731,-4.4962,-0.01,5.6685,-5.441,-4.4983,0.1,3.0746,-2.9627,-4.4982,0.14
69.299,4.9674,3.6019,3.5878,0.066,0,0.4,0.4,0.4,5.7077,-0.4732,-4.4967,0.01,5.6975,-5.4405,-4.498,0.12,3.1037,-2.9618,-4.4981,0.15
69.399,4.9666,3.6006,3.5876,0.0656,0,0.4,0.4,0.4,5.7356,-0.4733,-4.497,0.02,5.7266,-5.4398,-4.4973,0.14,3.1328,-2.9613,-4.4979,0.15
69.499,4.9662,3.5998,3.5875,0.0652,0,0.4,0.4,0.4,5.7634,-0.4733,-4.4974,0.03,5.7557,-5.4395,-4.4965,0.15,3.1618,-2.9612,-4.4975,0.15
69.599,4.9661,3.5989,3.5873,0.0648,0,0.4,0.4,0.4,5.7912,-0.4734,-4.4977,0.04,5.7844,-5.4395,-4.4957,0.15,3.1906,-2.9613,-4.4972,0.16
69.699,4.9655,3.5983,3.5867,0.0645,0,0.4,0.4,0.4,5.8192,-0.4738,-4.4978,0.05,5.8127,-5.4393,-4.4948,0.16,3.2194,-2.9615,-4.4971,0.16
69.799,4.9652,3.5983,3.5861,0.0642,0,0.4,0.4,0.4,5.8475,-0.4739,-4.4979,0.06,5.8408,-5.4391,-4.4941,0.17,3.2479,-2.9618,-4.497,0.16
69.899,4.9655,3.5986,3.5857,0.0642,0,0.4,0.4,0.4,5.8757,-0.4738,-4.498,0.07,5.8687,-5.4392,-4.4934,0.18,3.2761,-2.9622,-4.4969,0.16
69.999,4.9662,3.5993,3.5856,0.0642,0,0.4,0.4,0.4,5.9041,-0.4735,-4.4979,0.07,5.8965,-5.4397,-4.4929,0.19,3.3042,-2.9626,-4.4965,0.15
70.099,4.9665,3.5997,3.5858,0.0643,0,0.4,0.4,0.4,5.9326,-0.4738,-4.498,0.06,5.9245,-5.4403,-4.4924,0.19,3.3322,-2.9629,-4.496,0.14
70.199,4.967,3.5997,3.5858,0.0643,0,0.4,0.4,0.4,5.9609,-0.4739,-4.4985,0.05,5.9526,-5.4409,-4.4918,0.2,3.3605,-2.9631,-4.4955,0.14
70.299,4.9678,3.6002,3.5858,0.0642,0,0.4,0.4,0.4,5.9895,-0.4739,-4.4987,0.06,5.9807,-5.4417,-4.4914,0.19,3.389,-2.9636,-4.4952,0.14
70.399,4.9687,3.6011,3.5858,0.0643,0,0.4,0.4,0.4,6.0184,-0.4736,-4.4986,0.06,6.009,-5.4423,-4.4913,0.19,3.4174,-2.9642,-4.4951,0.15
70.499,4.9691,3.6019,3.5858,0.0646,0,0.4,0.4,0.4,6.0473,-0.4734,-4.4987,0.06,6.0376,-5.4425,-4.4912,0.18,3.4458,-2.9645,-4.4951,0.15
70.599,4.9698,3.603,3.5859,0.065,0,0.4,0.4,0.4,6.0765,-0.4732,-4.4988,0.05,6.0663,-5.443,-4.4912,0.18,3.4742,-2.9651,-4.495,0.14
70.699,4.9704,3.6046,3.5856,0.0654,0,0.4,0.4,0.4,6.106,-0.4731,-4.4989,0.03,6.0948,-5.4435,-4.491,0.18,3.5026,-2.9662,-4.4947,0.14
70.799,4.9705,3.6061,3.5847,0.0658,0,0.4,0.4,0.4,6.1353,-0.4731,-4.499,0.01,6.1232,-5.4436,-4.4908,0.17,3.531,-2.9675,-4.4945,0.13
70.899,4.9703,3.6075,3.5838,0.0661,0,0.4,0.4,0.4,6.1643,-0.4732,-4.4988,-0.0,6.1516,-5.4434,-4.4909,0.17,3.5593,-2.9688,-4.4944,0.12
70.999,4.9701,3.609,3.5829,0.0666,0,0.4,0.4,0.4,6.1934,-0.4732,-4.4985,-0.01,6.18,-5.4433,-4.4913,0.16,3.5876,-2.9701,-4.4944,0.12
71.099,4.97,3.6099,3.582,0.0667,0,0.4,0.4,0.4,6.2222,-0.473,-4.4981,-0.01,6.2081,-5.443,-4.4916,0.16,3.616,-2.9708,-4.4947,0.12
71.199,4.9696,3.6097,3.5812,0.0664,0,0.4,0.4,0.4,6.2506,-0.473,-4.4974,-0.01,6.2363,-5.4426,-4.4918,0.15,3.6448,-2.9709,-4.495,0.13
71.299,4.9682,3.6087,3.5806,0.066,0,0.4,0.4,0.4,6.279,-0.4736,-4.4968,-0.01,6.2647,-5.4418,-4.4919,0.13,3.6737,-2.9706,-4.495,0.13
71.399,4.9666,3.6073,3.58,0.0656,0,0.4,0.4,0.4,6.3075,-0.4745,-4.4964,-0.01,6.2929,-5.4411,-4.4922,0.13,3.7026,-2.9699,-4.495,0.13
71.499,4.9655,3.6053,3.5797,0.0648,0,0.4,0.4,0.4,6.3358,-0.4755,-4.4961,-0.03,6.3207,-5.441,-4.4928,0.13,3.7317,-2.9689,-4.4955,0.12
71.599,4.965,3.6031,3.5796,0.0638,0,0.4,0.4,0.4,6.3643,-0.4763,-4.4961,-0.05,6.3485,-5.4413,-4.4935,0.11,3.7612,-2.9676,-4.4961,0.13
71.699,4.9647,3.6011,3.5799,0.0629,0,0.4,0.4,0.4,6.3928,-0.4771,-4.4964,-0.07,6.3767,-5.4417,-4.4941,0.1,3.7906,-2.9662,-4.4967,0.13
71.799,4.9644,3.5994,3.5807,0.0625,0,0.4,0.4,0.4,6.4218,-0.4779,-4.4969,-0.09,6.405,-5.4423,-4.4944,0.08,3.8197,-2.9649,-4.4972,0.12
71.899,4.9639,3.5984,3.5811,0.0624,0,0.4,0.4,0.4,6.4507,-0.4789,-4.4973,-0.12,6.4336,-5.4428,-4.4945,0.07,3.8487,-2.9644,-4.4976,0.12
71.999,4.9636,3.5977,3.5812,0.0622,0,0.4,0.4,0.4,6.4792,-0.4799,-4.4978,-0.13,6.4625,-5.4434,-4.4947,0.07,3.8776,-2.9649,-4.4978,0.13
72.099,4.9634,3.5971,3.5813,0.062,0,0.4,0.4,0.4,6.5072,-0.4805,-4.4984,-0.13,6.4917,-5.4439,-4.495,0.07,3.9065,-2.9656,-4.498,0.14
72.199,4.963,3.5964,3.581,0.0617,0,0.4,0.4,0.4,6.535,-0.4811,-4.4985,-0.14,6.5213,-5.4441,-4.4955,0.06,3.9357,-2.9666,-4.498,0.14
72.299,4.9627,3.5958,3.5805,0.0613,0,0.4,0.4,0.4,6.5627,-0.4815,-4.4983,-0.15,6.5509,-5.4441,-4.4959,0.04,3.9649,-2.9677,-4.4977,0.13
72.399,4.9621,3.5949,3.5803,0.061,0,0.4,0.4,0.4,6.5904,-0.482,-4.498,-0.15,6.5807,-5.4441,-4.4961,0.03,3.9941,-2.9686,-4.4973,0.12
72.499,4.9616,3.5943,3.5801,0.0609,0,0.4,0.4,0.4,6.6178,-0.4824,-4.4976,-0.15,6.6107,-5.444,-4.4965,0.02,4.0232,-2.9697,-4.4967,0.11
72.599,4.9606,3.594,3.5801,0.0611,0,0.4,0.4,0.4,6.6454,-0.483,-4.4972,-0.15,6.6409,-5.4436,-4.4968,0.02,4.0518,-2.971,-4.4963,0.1
72.699,4.9596,3.594,3.581,0.0618,0,0.4,0.4,0.4,6.6733,-0.4837,-4.4969,-0.16,6.6714,-5.4433,-4.4972,0.02,4.0799,-2.9719,-4.496,0.08
72.799,4.9592,3.5937,3.5822,0.0624,0,0.4,0.4,0.4,6.7014,-0.484,-4.4964,-0.16,6.7011,-5.4432,-4.4972,0.02,4.108,-2.9717,-4.4958,0.07
72.899,4.9588,3.5932,3.583,0.0627,0,0.4,0.4,0.4,6.7296,-0.4841,-4.4962,-0.16,6.7303,-5.443,-4.497,0.02,4.1363,-2.9712,-4.4959,0.06
72.999,4.9579,3.592,3.5837,0.0627,0,0.4,0.4,0.4,6.7578,-0.4845,-4.4958,-0.16,6.7595,-5.4424,-4.4968,0.01,4.1648,-2.9703,-4.4961,0.06
73.099,4.9567,3.5906,3.5844,0.0627,0,0.4,0.4,0.4,6.7858,-0.4847,-4.495,-0.15,6.7884,-5.4414,-4.4966,0.01,4.1933,-2.9689,-4.4962,0.07
73.199,4.9551,3.5894,3.5845,0.0627,0,0.4,0.4,0.4,6.814,-0.4848,-4.4941,-0.15,6.8173,-5.4399,-4.4966,0.01,4.2218,-2.9676,-4.496,0.08
73.299,4.9538,3.5886,3.5841,0.0625,0,0.4,0.4,0.4,6.8423,-0.4843,-4.4932,-0.14,6.8458,-5.438,-4.4969,0.0,4.2504,-2.9663,-4.4956,0.09
73.399,4.9527,3.588,3.5834,0.0622,0,0.4,0.4,0.4,6.8705,-0.4837,-4.4927,-0.14,6.874,-5.4364,-4.4974,-0.01,4.2791,-2.9651,-4.4951,0.09
73.499,4.9518,3.5874,3.5825,0.0619,0,0.4,0.4,0.4,6.8988,-0.483,-4.4921,-0.14,6.9022,-5.4348,-4.4979,-0.03,4.3078,-2.9642,-4.4949,0.08
73.599,4.951,3.5864,3.5826,0.0617,0,0.4,0.4,0.4,6.9275,-0.4828,-4.4917,-0.14,6.9305,-5.4338,-4.4985,-0.04,4.3366,-2.9626,-4.4945,0.07
73.699,4.9507,3.5848,3.5835,0.0614,0,0.4,0.4,0.4,6.9563,-0.4828,-4.4915,-0.15,6.959,-5.4336,-4.4987,-0.07,4.3656,-2.9606,-4.4938,0.06
73.799,4.9505,3.583,3.5849,0.0612,0,0.4,0.4,0.4,6.9853,-0.4832,-4.4915,-0.16,6.9877,-5.4337,-4.4987,-0.08,4.3946,-2.9584,-4.4934,0.05
73.899,4.9505,3.5813,3.5864,0.0612,0,0.4,0.4,0.4,7.0143,-0.4836,-4.4913,-0.16,7.0165,-5.434,-4.499,-0.1,4.4237,-2.9563,-4.4931,0.04
73.999,4.9506,3.5799,3.5873,0.061,0,0.4,0.4,0.4,7.0433,-0.4838,-4.4912,-0.15,7.0453,-5.4344,-4.4991,-0.11,4.4529,-2.9548,-4.4932,0.04
74.099,4.9509,3.5789,3.5878,0.0607,0,0.4,0.4,0.4,7.0722,-0.4841,-4.4907,-0.15,7.074,-5.435,-4.499,-0.13,4.4823,-2.954,-4.4933,0.03
74.199,4.951,3.5782,3.588,0.0604,0,0.4,0.4,0.4,7.1011,-0.4846,-4.4904,-0.14,7.1027,-5.4356,-4.4985,-0.14,4.5114,-2.9539,-4.4929,0.04
74.299,4.951,3.5778,3.5879,0.0602,0,0.4,0.4,0.4,7.13,-0.4854,-4.4902,-0.14,7.1312,-5.4363,-4.4982,-0.16,4.5405,-2.9542,-4.4926,0.05
74.399,4.951,3.5778,3.588,0.0603,0,0.4,0.4,0.4,7.1586,-0.486,-4.4901,-0.14,7.1599,-5.437,-4.4979,-0.16,4.5691,-2.9548,-4.4925,0.05
74.499,4.9514,3.5785,3.5882,0.0606,0,0.4,0.4,0.4,7.1872,-0.4861,-4.49,-0.14,7.1889,-5.4375,-4.4977,-0.16,4.5974,-2.9557,-4.4929,0.04
74.599,4.9517,3.5793,3.5886,0.0609,0,0.4,0.4,0.4,7.216,-0.4864,-4.4899,-0.15,7.2182,-5.4382,-4.4976,-0.17,4.6259,-2.9567,-4.4934,0.04
74.699,4.952,3.5795,3.5892,0.0613,0,0.4,0.4,0.4,7.2449,-0.4871,-4.4895,-0.15,7.2478,-5.439,-4.4976,-0.17,4.6546,-2.9575,-4.4936,0.04
74.799,4.952,3.5794,3.5896,0.0614,0,0.4,0.4,0.4,7.2738,-0.4877,-4.489,-0.16,7.2771,-5.4397,-4.497,-0.16,4.6835,-2.958,-4.4941,0.03
74.899,4.9517,3.579,3.5897,0.0614,0,0.4,0.4,0.4,7.3025,-0.4885,-4.4883,-0.16,7.3061,-5.4402,-4.4964,-0.15,4.7125,-2.9584,-4.4943,0.02
74.999,4.9519,3.5787,3.5895,0.0611,0,0.4,0.4,0.4,7.3312,-0.4889,-4.4879,-0.17,7.3349,-5.4407,-4.496,-0.15,4.7416,-2.9589,-4.4941,0.01
75.099,4.9523,3.579,3.5893,0.0609,0,0.4,0.4,0.4,7.3602,-0.4889,-4.4875,-0.17,7.3637,-5.4412,-4.4956,-0.14,4.7707,-2.9594,-4.4939,0.0
75.199,4.9523,3.5792,3.5891,0.061,0,0.4,0.4,0.4,7.3895,-0.4892,-4.4872,-0.18,7.3925,-5.4415,-4.4947,-0.13,4.7997,-2.9597,-4.4936,-0.01
75.299,4.952,3.5792,3.589,0.0611,0,0.4,0.4,0.4,7.4189,-0.4897,-4.4868,-0.19,7.421,-5.4416,-4.4939,-0.12,4.8286,-2.9596,-4.4931,-0.02
75.399,4.9513,3.579,3.5893,0.0614,0,0.4,0.4,0.4,7.4483,-0.4905,-4.4864,-0.19,7.4496,-5.4419,-4.4934,-0.13,4.8572,-2.9594,-4.4928,-0.03
75.499,4.9507,3.5786,3.5901,0.0618,0,0.4,0.4,0.4,7.4773,-0.4914,-4.4862,-0.2,7.4783,-5.442,-4.4929,-0.14,4.8855,-2.9589,-4.4926,-0.04
75.599,4.9501,3.5778,3.591,0.0621,0,0.4,0.4,0.4,7.5063,-0.4922,-4.4861,-0.21,7.5073,-5.4424,-4.4927,-0.15,4.9142,-2.9582,-4.4924,-0.05
75.699,4.95,3.577,3.5917,0.0622,0,0.4,0.4,0.4,7.5353,-0.493,-4.4862,-0.21,7.5363,-5.4429,-4.4925,-0.16,4.9432,-2.9578,-4.492,-0.07
75.799,4.9506,3.5761,3.5922,0.0619,0,0.4,0.4,0.4,7.5641,-0.4932,-4.4864,-0.2,7.5653,-5.4438,-4.4921,-0.17,4.9726,-2.9575,-4.4917,-0.09
75.899,4.952,3.5755,3.5924,0.0613,0,0.4,0.4,0.4,7.5929,-0.4931,-4.4866,-0.19,7.5942,-5.4451,-4.4919,-0.17,5.0024,-2.9576,-4.4913,-0.11
75.999,4.9533,3.5751,3.5928,0.0609,0,0.4,0.4,0.4,7.6216,-0.4929,-4.4868,-0.18,7.623,-5.4463,-4.4919,-0.17,5.0317,-2.9575,-4.491,-0.12
76.099,4.9545,3.5748,3.5936,0.0608,0,0.4,0.4,0.4,7.6502,-0.4927,-4.4873,-0.16,7.6518,-5.4472,-4.4919,-0.16,5.0607,-2.9572,-4.4909,-0.13
76.199,4.9559,3.5744,3.5954,0.0611,0,0.4,0.4,0.4,7.6786,-0.4923,-4.4881,-0.15,7.6809,-5.4483,-4.4917,-0.16,5.0891,-2.9563,-4.4908,-0.15
76.299,4.9576,3.5745,3.5979,0.0619,0,0.4,0.4,0.4,7.7073,-0.4916,-4.4892,-0.13,7.7103,-5.4493,-4.4916,-0.16,5.1173,-2.9551,-4.4905,-0.16
76.399,4.9592,3.575,3.6,0.0627,0,0.4,0.4,0.4,7.7364,-0.4907,-4.4902,-0.1,7.7395,-5.4499,-4.4914,-0.17,5.1453,-2.9539,-4.4903,-0.17
76.499,4.96,3.5758,3.6012,0.0634,0,0.4,0.4,0.4,7.7653,-0.4899,-4.4913,-0.07,7.7685,-5.4499,-4.4912,-0.17,5.1733,-2.9532,-4.4903,-0.19
76.599,4.9597,3.576,3.6018,0.0639,0,0.4,0.4,0.4,7.7941,-0.4897,-4.4923,-0.04,7.7975,-5.4494,-4.4908,-0.16,5.2015,-2.9526,-4.4905,-0.19
76.699,4.9585,3.5757,3.6029,0.0646,0,0.4,0.4,0.4,7.8227,-0.4901,-4.4931,-0.02,7.8269,-5.4486,-4.4906,-0.15,5.2294,-2.9519,-4.4907,-0.2
76.799,4.9571,3.5747,3.6041,0.0653,0,0.4,0.4,0.4,7.8513,-0.4908,-4.4936,-0.01,7.8568,-5.4479,-4.4905,-0.15,5.2578,-2.9509,-4.491,-0.2
76.899,4.9556,3.573,3.6057,0.066,0,0.4,0.4,0.4,7.8802,-0.4918,-4.4941,-0.01,7.8871,-5.4473,-4.4908,-0.15,5.2868,-2.9495,-4.4913,-0.2
76.999,4.9544,3.5716,3.6072,0.0666,0,0.4,0.4,0.4,7.9093,-0.4925,-4.4944,-0.0,7.9171,-5.4469,-4.4909,-0.14,5.3157,-2.948,-4.4915,-0.19
77.099,4.9537,3.5708,3.6082,0.0671,0,0.4,0.4,0.4,7.9383,-0.4928,-4.4945,-0.0,7.9463,-5.4465,-4.4909,-0.15,5.3443,-2.9467,-4.4917,-0.19
77.199,4.9532,3.5704,3.6084,0.0672,0,0.4,0.4,0.4,7.9674,-0.4928,-4.4944,0.0,7.9751,-5.4459,-4.4909,-0.17,5.3732,-2.9459,-4.4922,-0.19
77.299,4.9526,3.5698,3.6075,0.0668,0,0.4,0.4,0.4,7.9964,-0.4927,-4.494,0.01,8.0036,-5.4453,-4.491,-0.17,5.4026,-2.9454,-4.4926,-0.19
77.399,4.9519,3.5691,3.6057,0.0658,0,0.4,0.4,0.4,8.0252,-0.4926,-4.4935,0.02,8.0316,-5.4445,-4.4911,-0.17,5.4324,-2.9453,-4.4929,-0.19
77.499,4.9516,3.5687,3.6035,0.0646,0,0.4,0.4,0.4,8.0538,-0.4918,-4.493,0.03,8.0594,-5.4434,-4.491,-0.18,5.4624,-2.9453,-4.4932,-0.19
77.599,4.9514,3.5681,3.6013,0.0633,0,0.4,0.4,0.4,8.0824,-0.491,-4.4927,0.04,8.0872,-5.4424,-4.4908,-0.19,5.4924,-2.9452,-4.4937,-0.18
77.699,4.9511,3.5675,3.5991,0.0621,0,0.4,0.4,0.4,8.1111,-0.4904,-4.4928,0.05,8.1148,-5.4415,-4.4909,-0.2,5.5223,-2.9451,-4.4943,-0.17
77.799,4.9504,3.5668,3.5969,0.0609,0,0.4,0.4,0.4,8.1398,-0.4903,-4.4931,0.07,8.142,-5.4407,-4.4912,-0.2,5.552,-2.9449,-4.4947,-0.16
77.899,4.9499,3.5664,3.5953,0.0602,0,0.4,0.4,0.4,8.169,-0.4903,-4.4935,0.08,8.1691,-5.4402,-4.4917,-0.19,5.5813,-2.9444,-4.4951,-0.17
77.999,4.9498,3.5666,3.5946,0.06,0,0.4,0.4,0.4,8.1984,-0.4903,-4.4938,0.09,8.1966,-5.4401,-4.4924,-0.19,5.61,-2.944,-4.4955,-0.16
78.099,4.9498,3.5675,3.5943,0.0603,0,0.4,0.4,0.4,8.228,-0.4903,-4.4942,0.09,8.2242,-5.4401,-4.4926,-0.19,5.6382,-2.9439,-4.496,-0.15
78.199,4.9495,3.5689,3.5933,0.0605,0,0.4,0.4,0.4,8.2577,-0.4903,-4.4947,0.1,8.2518,-5.4398,-4.4928,-0.19,5.6664,-2.9443,-4.4965,-0.15
78.299,4.9493,3.5705,3.5918,0.0605,0,0.4,0.4,0.4,8.2873,-0.4901,-4.4953,0.11,8.2794,-5.4393,-4.4934,-0.19,5.6948,-2.9452,-4.4968,-0.15
78.399,4.9497,3.5724,3.5896,0.0599,0,0.4,0.4,0.4,8.3169,-0.4895,-4.4957,0.11,8.3067,-5.4392,-4.4937,-0.18,5.7237,-2.9466,-4.4966,-0.14
78.499,4.9507,3.5743,3.5871,0.0591,0,0.4,0.4,0.4,8.3463,-0.4888,-4.496,0.11,8.3339,-5.4395,-4.4937,-0.17,5.7529,-2.9484,-4.4964,-0.13
78.599,4.9521,3.5763,3.5849,0.0583,0,0.4,0.4,0.4,8.3754,-0.4878,-4.4958,0.1,8.3611,-5.4399,-4.4938,-0.16,5.7818,-2.9502,-4.4964,-0.12
78.699,4.9537,3.5784,3.5832,0.0579,0,0.4,0.4,0.4,8.4046,-0.4871,-4.4954,0.1,8.3883,-5.4407,-4.4935,-0.15,5.8105,-2.9519,-4.4962,-0.1
78.799,4.9551,3.5807,3.5818,0.0577,0,0.4,0.4,0.4,8.4337,-0.4863,-4.4949,0.09,8.4157,-5.4414,-4.4933,-0.15,5.8388,-2.9536,-4.4959,-0.08
78.899,4.9567,3.5835,3.5804,0.0577,0,0.4,0.4,0.4,8.4626,-0.4851,-4.4945,0.08,8.4435,-5.4418,-4.493,-0.14,5.8669,-2.9557,-4.4956,-0.06
78.999,4.958,3.5863,3.579,0.0578,0,0.4,0.4,0.4,8.4914,-0.4839,-4.4942,0.07,8.4715,-5.4419,-4.4929,-0.12,5.895,-2.9578,-4.4956,-0.03
79.099,4.9587,3.5887,3.5776,0.0579,0,0.4,0.4,0.4,8.5203,-0.483,-4.4939,0.05,8.4996,-5.4417,-4.4927,-0.1,5.9231,-2.9595,-4.4957,-0.01
79.199,4.9589,3.5908,3.576,0.0581,0,0.4,0.4,0.4,8.5493,-0.4825,-4.4938,0.03,8.5276,-5.4414,-4.4922,-0.07,5.9514,-2.9614,-4.4958,0.0
79.299,4.9582,3.5923,3.5748,0.0585,0,0.4,0.4,0.4,8.5781,-0.4828,-4.4941,0.01,8.5559,-5.441,-4.4916,-0.05,5.9793,-2.9629,-4.4959,0.01
79.399,4.9571,3.5935,3.5739,0.059,0,0.4,0.4,0.4,8.6068,-0.4834,-4.4945,-0.01,8.5839,-5.4404,-4.4911,-0.03,6.0069,-2.9641,-4.4963,0.01
79.499,4.956,3.5947,3.5736,0.0598,0,0.4,0.4,0.4,8.6354,-0.4841,-4.4946,-0.01,8.6121,-5.44,-4.4905,-0.02,6.0342,-2.9651,-4.4966,0.02
79.599,4.9548,3.5958,3.5732,0.0605,0,0.4,0.4,0.4,8.6639,-0.4845,-4.4949,0.0,8.6403,-5.4393,-4.4901,-0.0,6.0615,-2.9659,-4.4968,0.03
79.699,4.9541,3.5965,3.5728,0.0609,0,0.4,0.4,0.4,8.6924,-0.4847,-4.4952,0.01,8.6684,-5.4387,-4.4899,0.0,6.0892,-2.9663,-4.497,0.03
79.799,4.9535,3.5972,3.5726,0.0613,0,0.4,0.4,0.4,8.7207,-0.4847,-4.4955,0.02,8.6964,-5.4382,-4.49,0.0,6.1169,-2.9665,-4.4971,0.03
79.899,4.9526,3.5974,3.5724,0.0617,0,0.4,0.4,0.4,8.7489,-0.4847,-4.4954,0.02,8.7247,-5.4373,-4.4905,0.0,6.1445,-2.9665,-4.497,0.03
79.999,4.9519,3.5973,3.5725,0.0618,0,0.4,0.4,0.4,8.7769,-0.4847,-4.4952,0.03,8.7531,-5.4366,-4.4912,-0.01,6.1725,-2.9662,-4.4968,0.02
80.099,4.9511,3.5967,3.5722,0.0617,0,0.4,0.4,0.4,8.8049,-0.485,-4.4949,0.03,8.7812,-5.436,-4.4916,-0.02,6.2007,-2.9658,-4.4963,0.01
80.199,4.9503,3.596,3.5721,0.0615,0,0.4,0.4,0.4,8.8332,-0.4851,-4.4948,0.02,8.8094,-5.4354,-4.4915,-0.03,6.2292,-2.9651,-4.4957,0.01
80.299,4.9497,3.5952,3.5721,0.0613,0,0.4,0.4,0.4,8.8613,-0.4851,-4.4951,0.02,8.8378,-5.4348,-4.4916,-0.05,6.2577,-2.9643,-4.4953,0.01
80.399,4.9491,3.594,3.5722,0.061,0,0.4,0.4,0.4,8.8894,-0.4852,-4.4956,0.01,8.8661,-5.4342,-4.4917,-0.06,6.2864,-2.9633,-4.4949,0.01
80.499,4.9489,3.5928,3.572,0.0604,0,0.4,0.4,0.4,8.9178,-0.4851,-4.4959,-0.0,8.8946,-5.434,-4.492,-0.06,6.3156,-2.9624,-4.4943,0.01
80.599,4.9492,3.5915,3.5718,0.0596,0,0.4,0.4,0.4,8.9461,-0.4848,-4.496,-0.01,8.9231,-5.4339,-4.4923,-0.07,6.3452,-2.9616,-4.4937,0.01
80.699,4.9497,3.5901,3.5716,0.0587,0,0.4,0.4,0.4,8.974,-0.4844,-4.4961,-0.01,8.9519,-5.4341,-4.4927,-0.08,6.3749,-2.9611,-4.493,-0.01
80.799,4.9505,3.5888,3.5716,0.0579,0,0.4,0.4,0.4,9.0017,-0.4839,-4.496,-0.01,8.981,-5.4344,-4.493,-0.08,6.4046,-2.9608,-4.4925,-0.01
80.899,4.9512,3.588,3.5715,0.0572,0,0.4,0.4,0.4,9.0294,-0.4836,-4.4958,-0.01,9.0099,-5.4348,-4.4932,-0.08,6.4339,-2.9609,-4.492,-0.02
80.999,4.9523,3.5879,3.5717,0.0569,0,0.4,0.4,0.4,9.0574,-0.4831,-4.4958,-0.01,9.0389,-5.4354,-4.4932,-0.09,6.4629,-2.9613,-4.4915,-0.03
81.099,4.9537,3.5882,3.572,0.0567,0,0.4,0.4,0.4,9.0855,-0.4825,-4.4955,-0.02,9.0677,-5.4363,-4.4934,-0.09,6.4916,-2.9618,-4.4911,-0.05
81.199,4.955,3.5884,3.5725,0.0566,0,0.4,0.4,0.4,9.1137,-0.4821,-4.495,-0.02,9.0961,-5.437,-4.4938,-0.08,6.5201,-2.9618,-4.4908,-0.05
81.299,4.9561,3.588,3.5735,0.0565,0,0.4,0.4,0.4,9.142,-0.4817,-4.4948,-0.03,9.1243,-5.4378,-4.4939,-0.06,6.5484,-2.961,-4.4907,-0.04
81.399,4.9568,3.5874,3.5748,0.0566,0,0.4,0.4,0.4,9.1702,-0.4817,-4.4945,-0.03,9.1524,-5.4385,-4.4939,-0.04,6.5764,-2.9599,-4.4909,-0.05
81.499,4.9573,3.5869,3.576,0.0568,0,0.4,0.4,0.4,9.1984,-0.4817,-4.494,-0.02,9.1805,-5.439,-4.4937,-0.03,6.6043,-2.9589,-4.4914,-0.05
81.599,4.9582,3.5868,3.5774,0.0571,0,0.4,0.4,0.4,9.2266,-0.4815,-4.4937,-0.0,9.2087,-5.4397,-4.4932,-0.03,6.632,-2.958,-4.4918,-0.04
81.699,4.9596,3.5867,3.5791,0.0574,0,0.4,0.4,0.4,9.2546,-0.4809,-4.4932,0.01,9.237,-5.4404,-4.4924,-0.03,6.6598,-2.957,-4.4921,-0.04
81.799,4.9609,3.587,3.5807,0.0579,0,0.4,0.4,0.4,9.2827,-0.4802,-4.4929,0.02,9.2653,-5.441,-4.4921,-0.04,6.6873,-2.9561,-4.4921,-0.04
81.899,4.9616,3.5875,3.5829,0.059,0,0.4,0.4,0.4,9.3111,-0.48,-4.4928,0.02,9.2937,-5.4416,-4.4923,-0.05,6.7141,-2.9551,-4.4922,-0.04
81.999,4.9616,3.588,3.5849,0.0601,0,0.4,0.4,0.4,9.3395,-0.4798,-4.4929,0.02,9.322,-5.4414,-4.4927,-0.04,6.7408,-2.9537,-4.4922,-0.03
82.099,4.9615,3.5892,3.5864,0.0615,0,0.4,0.4,0.4,9.3683,-0.4791,-4.4933,0.02,9.3505,-5.4405,-4.4931,-0.03,6.7675,-2.9526,-4.4923,-0.03
82.199,4.9617,3.5908,3.5875,0.0627,0,0.4,0.4,0.4,9.3974,-0.4783,-4.4935,0.01,9.379,-5.4399,-4.4936,-0.02,6.7945,-2.9519,-4.4927,-0.04
82.299,4.9618,3.5921,3.588,0.0634,0,0.4,0.4,0.4,9.4262,-0.4775,-4.4934,0.0,9.4074,-5.4393,-4.494,-0.02,6.8219,-2.9516,-4.4928,-0.03
82.399,4.9623,3.5936,3.5882,0.064,0,0.4,0.4,0.4,9.4547,-0.4767,-4.493,-0.0,9.4359,-5.4389,-4.4943,-0.02,6.8495,-2.9519,-4.4927,-0.02
82.499,4.9626,3.5955,3.5881,0.0647,0,0.4,0.4,0.4,9.4835,-0.476,-4.4924,0.0,9.4646,-5.4385,-4.4944,-0.02,6.8771,-2.9527,-4.4924,-0.02
82.599,4.9626,3.5971,3.5881,0.0654,0,0.4,0.4,0.4,9.5121,-0.4752,-4.4916,0.01,9.4936,-5.4378,-4.4944,-0.03,6.9048,-2.9533,-4.492,-0.01
82.699,4.9624,3.5984,3.5881,0.0661,0,0.4,0.4,0.4,9.5408,-0.4746,-4.4908,0.01,9.5228,-5.4369,-4.4945,-0.05,6.9327,-2.9538,-4.4916,-0.0
82.799,4.9618,3.5995,3.5881,0.0667,0,0.4,0.4,0.4,9.5695,-0.4741,-4.4901,0.0,9.5521,-5.4358,-4.4946,-0.07,6.9608,-2.9541,-4.4915,-0.0
82.899,4.9611,3.6,3.5883,0.0673,0,0.4,0.4,0.4,9.5984,-0.4737,-4.4897,-0.01,9.5813,-5.4347,-4.4949,-0.07,6.9889,-2.9537,-4.4915,-0.0
82.999,4.9607,3.6004,3.5885,0.0677,0,0.4,0.4,0.4,9.6274,-0.473,-4.4894,-0.01,9.6105,-5.4336,-4.4954,-0.06,7.0173,-2.9531,-4.4917,-0.01
83.099,4.9603,3.6008,3.5886,0.068,0,0.4,0.4,0.4,9.656,-0.4723,-4.4892,-0.02,9.6399,-5.4326,-4.496,-0.06,7.0459,-2.9529,-4.4918,-0.03
83.199,4.9605,3.601,3.5885,0.0681,0,0.4,0.4,0.4,9.6846,-0.4715,-4.4888,-0.02,9.6696,-5.432,-4.4965,-0.05,7.075,-2.953,-4.4921,-0.03
83.299,4.9612,3.6012,3.5888,0.068,0,0.4,0.4,0.4,9.7133,-0.4706,-4.4885,-0.0,9.6992,-5.4317,-4.4971,-0.03,7.1042,-2.9527,-4.4924,-0.03
83.399,4.9623,3.6008,3.5891,0.0676,0,0.4,0.4,0.4,9.742,-0.4695,-4.4883,0.02,9.7284,-5.4317,-4.4978,-0.02,7.1337,-2.952,-4.4926,-0.03
83.499,4.9635,3.6001,3.5892,0.067,0,0.4,0.4,0.4,9.7706,-0.4687,-4.4885,0.04,9.7572,-5.4321,-4.4984,-0.02,7.1635,-2.9513,-4.4926,-0.04
83.599,4.9646,3.5994,3.5889,0.0662,0,0.4,0.4,0.4,9.799,-0.4679,-4.489,0.05,9.7857,-5.4325,-4.4985,-0.02,7.1931,-2.9509,-4.4925,-0.04
83.699,4.9662,3.599,3.5887,0.0654,0,0.4,0.4,0.4,9.8275,-0.467,-4.4895,0.05,9.814,-5.4331,-4.4983,-0.03,7.2226,-2.9505,-4.4924,-0.05
83.799,4.9676,3.598,3.5884,0.0643,0,0.4,0.4,0.4,9.8558,-0.4659,-4.4901,0.05,9.8425,-5.4335,-4.498,-0.03,7.2527,-2.9497,-4.4924,-0.05
83.899,4.9689,3.5964,3.5884,0.0632,0,0.4,0.4,0.4,9.8842,-0.4648,-4.4907,0.06,9.8712,-5.4337,-4.4977,-0.03,7.283,-2.9482,-4.4925,-0.05
83.999,4.9697,3.5948,3.5888,0.0624,0,0.4,0.4,0.4,9.9131,-0.4642,-4.4912,0.05,9.8998,-5.4338,-4.4972,-0.03,7.3129,-2.9464,-4.4922,-0.06
84.099,4.9703,3.5937,3.5896,0.0621,0,0.4,0.4,0.4,9.9425,-0.4637,-4.4915,0.04,9.9286,-5.434,-4.4969,-0.05,7.3425,-2.9445,-4.492,-0.08
84.199,4.971,3.5933,3.5907,0.0622,0,0.4,0.4,0.4,9.9718,-0.4632,-4.4919,0.04,9.9576,-5.4342,-4.4969,-0.06,7.3715,-2.9431,-4.4921,-0.09
84.299,4.9718,3.5936,3.5916,0.0626,0,0.4,0.4,0.4,10.001,-0.4628,-4.4921,0.04,9.9863,-5.4346,-4.4971,-0.07,7.4,-2.9425,-4.4923,-0.1
84.399,4.9724,3.5944,3.5926,0.0632,0,0.4,0.4,0.4,10.0297,-0.4624,-4.4923,0.04,10.0151,-5.4348,-4.4973,-0.1,7.4278,-2.9423,-4.4924,-0.1
84.499,4.9729,3.5955,3.5935,0.064,0,0.4,0.4,0.4,10.0583,-0.4621,-4.4927,0.05,10.0439,-5.4349,-4.4974,-0.11,7.4553,-2.9424,-4.4924,-0.11
84.599,4.9735,3.5969,3.5946,0.0649,0,0.4,0.4,0.4,10.0874,-0.4616,-4.493,0.05,10.0727,-5.4351,-4.4976,-0.11,7.4829,-2.9424,-4.4923,-0.12
84.699,4.9735,3.5981,3.5954,0.0659,0,0.4,0.4,0.4,10.1165,-0.4613,-4.4934,0.05,10.1017,-5.4347,-4.4979,-0.1,7.5105,-2.9422,-4.4923,-0.11
84.799,4.973,3.5992,3.5958,0.0667,0,0.4,0.4,0.4,10.1454,-0.461,-4.4939,0.05,10.1307,-5.434,-4.4982,-0.09,7.5382,-2.9423,-4.4922,-0.11
84.899,4.9727,3.6001,3.5963,0.0675,0,0.4,0.4,0.4,10.1741,-0.4605,-4.4944,0.05,10.1599,-5.4332,-4.4984,-0.09,7.566,-2.9421,-4.492,-0.12
84.999,4.972,3.6007,3.5969,0.0682,0,0.4,0.4,0.4,10.2028,-0.4602,-4.4946,0.05,10.189,-5.4322,-4.4984,-0.09,7.5938,-2.9418,-4.492,-0.13
85.099,4.9712,3.6012,3.5967,0.0686,0,0.4,0.4,0.4,10.2312,-0.46,-4.4948,0.06,10.2176,-5.4311,-4.4983,-0.08,7.6217,-2.9416,-4.4924,-0.13
85.199,4.9704,3.6011,3.5964,0.0687,0,0.4,0.4,0.4,10.2596,-0.46,-4.4949,0.06,10.2459,-5.4304,-4.498,-0.07,7.6499,-2.9414,-4.4929,-0.13
85.299,4.9698,3.6009,3.5961,0.0686,0,0.4,0.4,0.4,10.2885,-0.4601,-4.4947,0.07,10.2747,-5.4299,-4.4976,-0.05,7.6788,-2.9413,-4.4938,-0.12
85.399,4.9693,3.6007,3.596,0.0686,0,0.4,0.4,0.4,10.3176,-0.4602,-4.4941,0.07,10.304,-5.4294,-4.497,-0.03,7.708,-2.9411,-4.4948,-0.12
85.499,4.9685,3.5997,3.5958,0.0683,0,0.4,0.4,0.4,10.3466,-0.4607,-4.4936,0.08,10.333,-5.4292,-4.4962,-0.01,7.7375,-2.9407,-4.4956,-0.1
85.599,4.9681,3.5987,3.5957,0.068,0,0.4,0.4,0.4,10.3755,-0.4613,-4.4931,0.09,10.3618,-5.4294,-4.4954,0.01,7.7669,-2.9403,-4.4964,-0.08
85.699,4.9678,3.5978,3.5953,0.0675,0,0.4,0.4,0.4,10.4045,-0.462,-4.4926,0.1,10.3902,-5.4298,-4.4944,0.03,7.7963,-2.9402,-4.4971,-0.06
85.799,4.9681,3.5969,3.595,0.0669,0,0.4,0.4,0.4,10.4337,-0.4625,-4.492,0.11,10.4183,-5.4306,-4.4936,0.05,7.826,-2.9398,-4.4976,-0.04
85.899,4.9686,3.5967,3.5941,0.0663,0,0.4,0.4,0.4,10.4632,-0.4626,-4.4916,0.1,10.4464,-5.4312,-4.4932,0.06,7.8558,-2.9399,-4.4979,-0.02
85.999,4.9692,3.5972,3.593,0.0659,0,0.4,0.4,0.4,10.4932,-0.4624,-4.4914,0.08,10.4746,-5.4316,-4.4928,0.06,7.8856,-2.9403,-4.4982,-0.02
86.099,4.9699,3.5983,3.5917,0.0655,0,0.4,0.4,0.4,10.5232,-0.4622,-4.4913,0.06,10.5027,-5.4321,-4.4923,0.06,7.9152,-2.9412,-4.4985,-0.02
86.199,4.9708,3.5991,3.5905,0.0651,0,0.4,0.4,0.4,10.5529,-0.4619,-4.4913,0.04,10.5306,-5.4327,-4.4915,0.06,7.9446,-2.9419,-4.4988,-0.02
86.299,4.9717,3.5993,3.5896,0.0645,0,0.4,0.4,0.4,10.5821,-0.462,-4.4913,0.01,10.5578,-5.4336,-4.491,0.05,7.9736,-2.9421,-4.4992,-0.03
86.399,4.9728,3.5997,3.5894,0.0643,0,0.4,0.4,0.4,10.6113,-0.4621,-4.4914,-0.01,10.585,-5.4348,-4.4906,0.03,8.0023,-2.9422,-4.4997,-0.04
86.499,4.974,3.5997,3.5893,0.064,0,0.4,0.4,0.4,10.6403,-0.4623,-4.4911,-0.02,10.6122,-5.4362,-4.4903,0.02,8.031,-2.9421,-4.5001,-0.05
86.599,4.9748,3.5993,3.5887,0.0634,0,0.4,0.4,0.4,10.6689,-0.4626,-4.4907,-0.03,10.6397,-5.4373,-4.49,0.03,8.0602,-2.9424,-4.5007,-0.05
86.699,4.9751,3.5987,3.5878,0.0626,0,0.4,0.4,0.4,10.6976,-0.4629,-4.4906,-0.04,10.6676,-5.4378,-4.4896,0.04,8.0896,-2.9426,-4.5012,-0.06
86.799,4.9755,3.5976,3.5873,0.0618,0,0.4,0.4,0.4,10.7259,-0.4632,-4.4907,-0.06,10.6957,-5.4386,-4.4893,0.04,8.1193,-2.9426,-4.5013,-0.05
86.899,4.9763,3.5966,3.5868,0.061,0,0.4,0.4,0.4,10.7541,-0.4632,-4.4903,-0.07,10.7239,-5.4394,-4.4888,0.04,8.1488,-2.9427,-4.5014,-0.05
86.999,4.9769,3.5961,3.5859,0.0601,0,0.4,0.4,0.4,10.7821,-0.463,-4.4896,-0.07,10.752,-5.4398,-4.4885,0.05,8.1781,-2.9431,-4.5016,-0.06
87.099,4.9772,3.5962,3.5848,0.0596,0,0.4,0.4,0.4,10.8101,-0.4627,-4.489,-0.08,10.7804,-5.4398,-4.4883,0.05,8.2071,-2.9441,-4.5017,-0.05
87.199,4.9778,3.5964,3.584,0.0591,0,0.4,0.4,0.4,10.838,-0.4624,-4.4886,-0.08,10.8091,-5.4401,-4.4885,0.06,8.2361,-2.9451,-4.5019,-0.05
87.299,4.9786,3.5961,3.5837,0.0585,0,0.4,0.4,0.4,10.8656,-0.4621,-4.4886,-0.07,10.8378,-5.4406,-4.4891,0.07,8.2651,-2.9458,-4.502,-0.03
87.399,4.979,3.5955,3.584,0.0582,0,0.4,0.4,0.4,10.8931,-0.4621,-4.4887,-0.07,10.8664,-5.441,-4.4898,0.08,8.2935,-2.946,-4.5021,-0.02
87.499,4.979,3.5948,3.5846,0.0582,0,0.4,0.4,0.4,10.9208,-0.4626,-4.4884,-0.08,10.895,-5.4415,-4.4907,0.08,8.3218,-2.9459,-4.5021,-0.0
87.599,4.979,3.5941,3.5858,0.0584,0,0.4,0.4,0.4,10.9484,-0.4629,-4.4881,-0.08,10.9239,-5.4418,-4.4916,0.07,8.3496,-2.9456,-4.502,0.0
87.699,4.9792,3.5935,3.5874,0.0588,0,0.4,0.4,0.4,10.9761,-0.463,-4.4881,-0.08,10.9529,-5.4421,-4.4924,0.07,8.3774,-2.9449,-4.5017,0.01
87.799,4.9797,3.5928,3.589,0.0591,0,0.4,0.4,0.4,11.0038,-0.4629,-4.488,-0.09,10.9817,-5.4425,-4.493,0.06,8.4053,-2.944,-4.5017,0.02
87.899,4.9797,3.592,3.5898,0.0591,0,0.4,0.4,0.4,11.0315,-0.4631,-4.4881,-0.09,11.0102,-5.4427,-4.4934,0.05,8.4333,-2.9434,-4.5018,0.02
87.999,4.9795,3.5913,3.59,0.0589,0,0.4,0.4,0.4,11.0591,-0.4634,-4.4884,-0.09,11.0386,-5.4429,-4.4939,0.04,8.4616,-2.9435,-4.5016,0.02
88.099,4.9793,3.5908,3.5895,0.0584,0,0.4,0.4,0.4,11.0869,-0.4638,-4.4888,-0.08,11.0669,-5.4431,-4.4944,0.02,8.4903,-2.944,-4.5014,0.02
88.199,4.9788,3.5906,3.5889,0.0582,0,0.4,0.4,0.4,11.1147,-0.4644,-4.4892,-0.09,11.0951,-5.4432,-4.4944,0.01,8.5186,-2.9448,-4.5013,0.01
88.299,4.9781,3.5907,3.5883,0.0582,0,0.4,0.4,0.4,11.1428,-0.4651,-4.4891,-0.1,11.1232,-5.4432,-4.4945,-0.01,8.5467,-2.9457,-4.501,0.01
88.399,4.9776,3.5911,3.5879,0.0583,0,0.4,0.4,0.4,11.1709,-0.4657,-4.489,-0.11,11.1515,-5.4432,-4.4947,-0.04,8.5746,-2.9466,-4.5008,0.02
88.499,4.9768,3.5915,3.5879,0.0587,0,0.4,0.4,0.4,11.1988,-0.4661,-4.4885,-0.12,11.1798,-5.4429,-4.4949,-0.08,8.6021,-2.9472,-4.5007,0.02
88.599,4.9758,3.5918,3.5882,0.0592,0,0.4,0.4,0.4,11.2267,-0.4667,-4.4882,-0.13,11.2083,-5.4424,-4.495,-0.11,8.6293,-2.9475,-4.5006,0.02
88.699,4.975,3.5922,3.5886,0.0598,0,0.4,0.4,0.4,11.2544,-0.467,-4.488,-0.14,11.237,-5.442,-4.495,-0.12,8.6567,-2.948,-4.5002,0.02
88.799,4.9747,3.5928,3.5888,0.0602,0,0.4,0.4,0.4,11.2823,-0.4674,-4.4881,-0.14,11.2656,-5.442,-4.4951,-0.12,8.6842,-2.9489,-4.4999,0.01
88.899,4.9746,3.5934,3.5891,0.0606,0,0.4,0.4,0.4,11.3101,-0.4677,-4.4887,-0.15,11.2944,-5.4423,-4.4953,-0.12,8.7118,-2.9499,-4.4997,0.01
88.999,4.9747,3.5939,3.5897,0.061,0,0.4,0.4,0.4,11.3379,-0.468,-4.4896,-0.16,11.3229,-5.4427,-4.4957,-0.13,8.7393,-2.9505,-4.4994,0.02
89.099,4.9749,3.5942,3.5908,0.0616,0,0.4,0.4,0.4,11.3657,-0.4684,-4.4903,-0.16,11.3513,-5.4433,-4.4958,-0.14,8.7665,-2.9508,-4.4992,0.02
89.199,4.9746,3.594,3.5917,0.062,0,0.4,0.4,0.4,11.3933,-0.4694,-4.4907,-0.17,11.3796,-5.444,-4.4957,-0.14,8.7939,-2.9512,-4.4992,0.02
89.299,4.9742,3.5935,3.5924,0.0622,0,0.4,0.4,0.4,11.4208,-0.4704,-4.4911,-0.17,11.4083,-5.4446,-4.4954,-0.14,8.8215,-2.9518,-4.4992,0.01
89.399,4.9736,3.5927,3.5932,0.0624,0,0.4,0.4,0.4,11.4482,-0.4716,-4.4917,-0.17,11.4374,-5.4452,-4.4949,-0.14,8.8496,-2.9524,-4.4991,0.0
89.499,4.9734,3.592,3.5944,0.0627,0,0.4,0.4,0.4,11.4756,-0.4726,-4.4919,-0.16,11.467,-5.446,-4.4944,-0.15,8.8776,-2.9531,-4.4993,-0.01
89.599,4.9743,3.592,3.5957,0.0631,0,0.4,0.4,0.4,11.5032,-0.4731,-4.4917,-0.14,11.4963,-5.4474,-4.4937,-0.15,8.9055,-2.954,-4.4989,-0.01
89.699,4.975,3.5925,3.5971,0.0637,0,0.4,0.4,0.4,11.5311,-0.4735,-4.4914,-0.13,11.5255,-5.4484,-4.4929,-0.13,8.9331,-2.9547,-4.4982,-0.02
89.799,4.9757,3.5931,3.5988,0.0645,0,0.4,0.4,0.4,11.5594,-0.4737,-4.4911,-0.12,11.5546,-5.4494,-4.4925,-0.12,8.9606,-2.9549,-4.4977,-0.04
89.899,4.9768,3.5937,3.6007,0.0654,0,0.4,0.4,0.4,11.5876,-0.4735,-4.4908,-0.1,11.584,-5.4503,-4.4926,-0.1,8.9882,-2.955,-4.4974,-0.04
89.999,4.9781,3.5943,3.603,0.0663,0,0.4,0.4,0.4,11.6158,-0.4733,-4.4905,-0.07,11.6134,-5.4514,-4.4932,-0.09,9.0156,-2.9548,-4.4973,-0.05
90.099,4.9787,3.5948,3.605,0.0672,0,0.4,0.4,0.4,11.6441,-0.4733,-4.4903,-0.05,11.6426,-5.452,-4.4938,-0.09,9.0429,-2.9545,-4.4971,-0.06
90.199,4.9787,3.595,3.6066,0.0681,0,0.4,0.4,0.4,11.6724,-0.4738,-4.4906,-0.04,11.6715,-5.4525,-4.4944,-0.08,9.0703,-2.9543,-4.497,-0.07
90.299,4.9784,3.5951,3.6079,0.0689,0,0.4,0.4,0.4,11.7005,-0.4745,-4.4911,-0.04,11.7004,-5.4529,-4.4951,-0.08,9.0976,-2.9544,-4.4967,-0.08
90.399,4.9779,3.5948,3.6091,0.0695,0,0.4,0.4,0.4,11.7284,-0.4755,-4.4917,-0.03,11.7292,-5.4534,-4.4953,-0.06,9.1251,-2.9545,-4.4963,-0.08
90.499,4.9771,3.5938,3.6108,0.0701,0,0.4,0.4,0.4,11.7563,-0.4769,-4.4922,-0.02,11.7581,-5.454,-4.495,-0.05,9.1526,-2.9541,-4.4958,-0.07
90.599,4.9763,3.5931,3.6119,0.0706,0,0.4,0.4,0.4,11.7846,-0.4781,-4.4926,-0.02,11.787,-5.4544,-4.495,-0.04,9.1806,-2.9539,-4.4956,-0.06
90.699,4.9762,3.5925,3.6123,0.0706,0,0.4,0.4,0.4,11.8129,-0.4788,-4.493,-0.01,11.8155,-5.4549,-4.495,-0.05,9.2091,-2.9539,-4.4953,-0.05
90.799,4.9763,3.592,3.6122,0.0703,0,0.4,0.4,0.4,11.8412,-0.4793,-4.4933,0.0,11.8437,-5.4555,-4.4951,-0.05,9.2378,-2.9541,-4.495,-0.05
90.899,4.9762,3.5919,3.6116,0.07,0,0.4,0.4,0.4,11.8693,-0.4795,-4.4933,0.01,11.8716,-5.4557,-4.4955,-0.06,9.2663,-2.9545,-4.4946,-0.05
90.999,4.9759,3.5922,3.6106,0.0697,0,0.4,0.4,0.4,11.8975,-0.4795,-4.4933,0.01,11.8994,-5.4554,-4.4961,-0.05,9.2946,-2.9551,-4.4946,-0.05
91.099,4.9761,3.5928,3.6095,0.0694,0,0.4,0.4,0.4,11.9258,-0.4793,-4.4932,0.02,11.9274,-5.4553,-4.4968,-0.04,9.3231,-2.956,-4.4944,-0.03
91.199,4.9763,3.5938,3.6085,0.0692,0,0.4,0.4,0.4,11.9541,-0.4788,-4.493,0.02,11.9553,-5.4551,-4.4975,-0.04,9.3514,-2.957,-4.4941,-0.02
91.299,4.9769,3.5951,3.6082,0.0694,0,0.4,0.4,0.4,11.9828,-0.4783,-4.4929,0.01,11.9836,-5.4552,-4.4982,-0.04,9.3795,-2.9577,-4.4941,-0.02
91.399,4.9778,3.5963,3.6081,0.0696,0,0.4,0.4,0.4,12.0111,-0.4777,-4.4929,0.01,12.0121,-5.4554,-4.4989,-0.04,9.4075,-2.9586,-4.4941,-0.02
91.499,4.9789,3.5975,3.6079,0.0697,0,0.4,0.4,0.4,12.0392,-0.4771,-4.4927,0.0,12.0406,-5.456,-4.4991,-0.05,9.4356,-2.9598,-4.4939,-0.01
91.599,4.9803,3.5987,3.6083,0.0699,0,0.4,0.4,0.4,12.0673,-0.4767,-4.4924,-0.0,12.0691,-5.457,-4.4991,-0.06,9.4635,-2.9608,-4.494,-0.01
91.699,4.9817,3.5995,3.609,0.0701,0,0.4,0.4,0.4,12.0954,-0.4763,-4.4923,0.0,12.0978,-5.458,-4.499,-0.07,9.4915,-2.9616,-4.494,-0.01
91.799,4.9831,3.5994,3.6099,0.0701,0,0.4,0.4,0.4,12.1234,-0.476,-4.4923,0.02,12.1271,-5.4591,-4.4989,-0.07,9.5203,-2.9619,-4.4944,-0.01
91.899,4.9842,3.5989,3.6107,0.0698,0,0.4,0.4,0.4,12.1514,-0.4758,-4.4925,0.04,12.1567,-5.46,-4.4987,-0.06,9.5495,-2.9621,-4.495,-0.02
91.999,4.9848,3.5944,3.608,0.0664,0,0.4,0.4,0.4,12.1748,-0.4758,-4.4928,0.06,12.1815,-5.4606,-4.4986,-0.06,9.5787,-2.962,-4.4955,-0.04
92.099,4.9852,3.5848,3.6007,0.0585,0,0.4,0.4,0.4,12.1918,-0.4761,-4.4932,0.07,12.1991,-5.4612,-4.4984,-0.06,9.608,-2.961,-4.4958,-0.07
92.199,4.9856,3.5712,3.5901,0.0474,0,0.4,0.4,0.4,12.2036,-0.4763,-4.4937,0.08,12.2114,-5.462,-4.4981,-0.06,9.6371,-2.9596,-4.4959,-0.1
92.299,4.986,3.5548,3.5774,0.0342,0,0.4,0.4,0.4,12.2114,-0.4768,-4.4942,0.09,12.2196,-5.4628,-4.4973,-0.06,9.6656,-2.9578,-4.4959,-0.12
92.399,4.9866,3.5361,3.5637,0.0206,0,0.4,0.4,0.4,12.2162,-0.4775,-4.4947,0.09,12.225,-5.464,-4.4963,-0.04,9.6937,-2.9556,-4.496,-0.15
92.499,4.987,3.5161,3.5489,0.0133,0,0.4,0.4,0.4,12.2187,-0.4783,-4.495,0.09,12.2282,-5.4653,-4.4954,-0.03,9.7213,-2.9533,-4.4962,-0.16
92.599,4.9877,3.4953,3.5335,0.0216,0,0.4,0.4,0.4,12.2198,-0.479,-4.4951,0.08,12.2298,-5.4666,-4.4949,-0.03,9.7486,-2.9509,-4.4964,-0.16
92.699,4.9885,3.4772,3.5209,0.035,0,0.4,0.4,0.4,12.2195,-0.4794,-4.495,0.07,12.2305,-5.4679,-4.4948,-0.03,9.771,-2.9484,-4.4967,-0.15
92.799,4.9888,3.4627,3.5118,0.0462,0,0.4,0.4,0.4,12.2183,-0.4798,-4.4951,0.07,12.2301,-5.4686,-4.4946,-0.05,9.7873,-2.9457,-4.497,-0.14
92.899,4.9894,3.4512,3.5056,0.055,0,0.4,0.4,0.4,12.2166,-0.4799,-4.4951,0.07,12.2289,-5.4693,-4.4947,-0.06,9.7988,-2.9427,-4.4973,-0.13
92.999,4.9904,3.4422,3.5016,0.062,0,0.4,0.4,0.4,12.2144,-0.4798,-4.4949,0.06,12.2269,-5.4702,-4.495,-0.06,9.8066,-2.9397,-4.4977,-0.13
93.099,4.9926,3.4358,3.4991,0.0673,0,0.4,0.4,0.4,12.2119,-0.4789,-4.4945,0.07,12.2242,-5.4715,-4.4952,-0.07,9.8116,-2.9372,-4.4983,-0.13
93.199,4.9951,3.4316,3.4973,0.0712,0,0.4,0.4,0.4,12.2092,-0.4775,-4.4942,0.07,12.2211,-5.4726,-4.4953,-0.06,9.8142,-2.9352,-4.4985,-0.12
93.299,4.9975,3.4288,3.4969,0.0739,0,0.4,0.4,0.4,12.2064,-0.476,-4.4941,0.08,12.2183,-5.4735,-4.4955,-0.06,9.815,-2.9332,-4.4982,-0.12
93.399,4.9996,3.4269,3.4967,0.0758,0,0.4,0.4,0.4,12.2036,-0.4739,-4.4938,0.08,12.2157,-5.4735,-4.4956,-0.06,9.815,-2.9312,-4.4979,-0.12
93.499,5.0011,3.426,3.4961,0.0769,0,0.4,0.4,0.4,12.2006,-0.4715,-4.4935,0.08,12.2133,-5.4726,-4.4956,-0.06,9.8141,-2.9296,-4.4976,-0.12
93.599,5.0018,3.4258,3.4952,0.0773,0,0.4,0.4,0.4,12.1972,-0.4692,-4.4933,0.08,12.211,-5.4709,-4.4958,-0.06,9.8124,-2.9286,-4.4972,-0.12
93.699,5.002,3.4265,3.4938,0.0773,0,0.4,0.4,0.4,12.1939,-0.4669,-4.4934,0.09,12.2087,-5.4688,-4.4958,-0.05,9.8103,-2.9284,-4.497,-0.11
93.799,5.0019,3.4277,3.4919,0.077,0,0.4,0.4,0.4,12.1909,-0.4645,-4.4936,0.1,12.2063,-5.4664,-4.4957,-0.05,9.808,-2.9284,-4.4966,-0.1
93.899,5.0015,3.4289,3.4906,0.0765,0,0.4,0.4,0.4,12.1879,-0.4624,-4.494,0.09,12.2039,-5.4639,-4.4955,-0.05,9.8052,-2.9282,-4.4962,-0.09
93.999,5.0013,3.4299,3.4896,0.0761,0,0.4,0.4,0.4,12.185,-0.4607,-4.4944,0.08,12.2015,-5.462,-4.4951,-0.06,9.8023,-2.928,-4.4957,-0.08
94.099,5.0013,3.4311,3.4885,0.0757,0,0.4,0.4,0.4,12.1822,-0.459,-4.4945,0.08,12.199,-5.4602,-4.4947,-0.07,9.7997,-2.9279,-4.4952,-0.08
94.199,5.0014,3.4324,3.4874,0.0753,0,0.4,0.4,0.4,12.1797,-0.4571,-4.4946,0.07,12.1967,-5.4585,-4.4943,-0.07,9.7971,-2.9279,-4.4947,-0.08
94.299,5.0015,3.4334,3.4861,0.0751,0,0.4,0.4,0.4,12.1771,-0.4553,-4.4945,0.06,12.1944,-5.4567,-4.4942,-0.08,9.7949,-2.9279,-4.4941,-0.09
94.399,5.0016,3.4343,3.485,0.0751,0,0.4,0.4,0.4,12.1746,-0.4537,-4.4941,0.04,12.1923,-5.4553,-4.4942,-0.09,9.7928,-2.9279,-4.4936,-0.11
94.499,5.0014,3.435,3.4843,0.0748,0,0.4,0.4,0.4,12.1727,-0.4528,-4.4936,0.03,12.1905,-5.4542,-4.4942,-0.1,9.7909,-2.9278,-4.4929,-0.12
94.599,5.0019,3.4356,3.4841,0.0747,0,0.4,0.4,0.4,12.1709,-0.4518,-4.4935,0.04,12.1888,-5.4537,-4.4942,-0.11,9.7891,-2.9277,-4.4924,-0.14
94.699,5.0032,3.4365,3.4843,0.0746,0,0.4,0.4,0.4,12.1691,-0.4502,-4.4937,0.05,12.1873,-5.4534,-4.4941,-0.11,9.7873,-2.9274,-4.4921,-0.15
94.799,5.0047,3.4372,3.4846,0.0745,0,0.4,0.4,0.4,12.1675,-0.4488,-4.4942,0.05,12.1857,-5.4535,-4.4942,-0.12,9.7857,-2.927,-4.4919,-0.16
94.899,5.0072,3.4387,3.4856,0.0743,0,0.4,0.4,0.4,12.1665,-0.4473,-4.4948,0.06,12.1838,-5.4545,-4.4945,-0.12,9.7838,-2.9267,-4.492,-0.15
94.999,5.0099,3.4396,3.4867,0.0743,0,0.4,0.4,0.4,12.1655,-0.4459,-4.4951,0.07,12.1816,-5.4558,-4.4948,-0.12,9.7821,-2.926,-4.4923,-0.13
95.099,5.012,3.4401,3.4876,0.0745,0,0.4,0.4,0.4,12.1643,-0.445,-4.4955,0.07,12.179,-5.457,-4.4954,-0.12,9.7804,-2.9252,-4.4926,-0.11
95.199,5.0133,3.4405,3.4884,0.0745,0,0.4,0.4,0.4,12.1632,-0.4444,-4.4959,0.08,12.1768,-5.4577,-4.496,-0.12,9.7785,-2.9245,-4.493,-0.1
95.299,5.0142,3.4413,3.4889,0.0743,0,0.4,0.4,0.4,12.1623,-0.444,-4.4961,0.08,12.1748,-5.4581,-4.4966,-0.13,9.7766,-2.9241,-4.4932,-0.09
95.399,5.0144,3.4419,3.4889,0.0741,0,0.4,0.4,0.4,12.1616,-0.444,-4.4964,0.09,12.173,-5.4584,-4.4968,-0.13,9.7751,-2.9241,-4.4936,-0.08
95.499,5.0139,3.4419,3.4888,0.074,0,0.4,0.4,0.4,12.1611,-0.4446,-4.4967,0.1,12.1716,-5.4584,-4.4966,-0.12,9.7739,-2.9241,-4.494,-0.07
95.599,5.0132,3.4417,3.4886,0.074,0,0.4,0.4,0.4,12.1606,-0.4453,-4.4971,0.11,12.1706,-5.4585,-4.4962,-0.12,9.7731,-2.9243,-4.4944,-0.05
95.699,5.0124,3.4418,3.4882,0.0739,0,0.4,0.4,0.4,12.16,-0.4459,-4.4976,0.1,12.1701,-5.4583,-4.4959,-0.11,9.7724,-2.9248,-4.4944,-0.04
95.799,5.0116,3.4418,3.4882,0.0736,0,0.4,0.4,0.4,12.1597,-0.4464,-4.4979,0.09,12.1698,-5.458,-4.4956,-0.1,9.7717,-2.9249,-4.4943,-0.03
95.899,5.0108,3.4416,3.4887,0.0732,0,0.4,0.4,0.4,12.1594,-0.4471,-4.4983,0.07,12.1696,-5.4578,-4.4952,-0.08,9.7708,-2.9247,-4.4946,-0.04
95.999,5.0094,3.4411,3.489,0.073,0,0.4,0.4,0.4,12.159,-0.4479,-4.4987,0.06,12.1694,-5.4573,-4.4946,-0.06,9.7699,-2.9244,-4.4951,-0.04
96.099,5.008,3.4404,3.4893,0.0728,0,0.4,0.4,0.4,12.1587,-0.4487,-4.4991,0.06,12.1688,-5.4568,-4.4939,-0.05,9.769,-2.9238,-4.4957,-0.05
96.199,5.0065,3.4397,3.4894,0.0726,0,0.4,0.4,0.4,12.1583,-0.4494,-4.4994,0.06,12.168,-5.4559,-4.4935,-0.04,9.768,-2.9229,-4.4961,-0.06
96.299,5.0047,3.4395,3.489,0.0724,0,0.4,0.4,0.4,12.1583,-0.4498,-4.5,0.06,12.167,-5.4545,-4.4932,-0.04,9.767,-2.9221,-4.4964,-0.06
96.399,5.0026,3.4397,3.4877,0.0722,0,0.4,0.4,0.4,12.1583,-0.4503,-4.5008,0.07,12.1657,-5.4529,-4.493,-0.02,9.7661,-2.9219,-4.4964,-0.07
96.499,5.0008,3.4404,3.4859,0.0718,0,0.4,0.4,0.4,12.1581,-0.4507,-4.5012,0.07,12.1645,-5.4514,-4.4932,-0.01,9.7652,-2.9226,-4.4962,-0.08
96.599,4.9999,3.4416,3.4845,0.0714,0,0.4,0.4,0.4,12.1579,-0.4504,-4.5012,0.06,12.1636,-5.4503,-4.4933,-0.0,9.7643,-2.9233,-4.4961,-0.09
96.699,4.9999,3.4427,3.4838,0.071,0,0.4,0.4,0.4,12.1577,-0.4496,-4.501,0.05,12.163,-5.4495,-4.4933,0.0,9.7637,-2.9236,-4.4961,-0.09
96.799,5.0,3.4435,3.4833,0.0708,0,0.4,0.4,0.4,12.1575,-0.449,-4.5007,0.04,12.1625,-5.449,-4.4934,0.02,9.7632,-2.9238,-4.4962,-0.08
96.899,4.9993,3.4435,3.4825,0.0709,0,0.4,0.4,0.4,12.1572,-0.4489,-4.5,0.02,12.1619,-5.4482,-4.4936,0.03,9.7629,-2.9238,-4.4962,-0.08
96.999,4.998,3.4431,3.4817,0.071,0,0.4,0.4,0.4,12.1567,-0.4491,-4.4992,0.0,12.1615,-5.4471,-4.4934,0.05,9.7627,-2.9236,-4.4961,-0.07
97.099,4.9967,3.4428,3.4808,0.071,0,0.4,0.4,0.4,12.1562,-0.4492,-4.4984,-0.01,12.1611,-5.4459,-4.4931,0.08,9.7624,-2.9235,-4.4958,-0.06
97.199,4.9959,3.4426,3.4798,0.0712,0,0.4,0.4,0.4,12.1555,-0.4487,-4.4975,-0.01,12.1608,-5.4446,-4.4931,0.1,9.7623,-2.9234,-4.4956,-0.05
97.299,4.9953,3.4421,3.4789,0.0715,0,0.4,0.4,0.4,12.1545,-0.4481,-4.4966,-0.0,12.1605,-5.4434,-4.4932,0.12,9.7624,-2.9231,-4.4953,-0.04
97.399,4.9943,3.4415,3.4783,0.0717,0,0.4,0.4,0.4,12.1536,-0.448,-4.4959,-0.01,12.1604,-5.4422,-4.4935,0.13,9.7622,-2.9228,-4.4952,-0.04
97.499,4.9928,3.4406,3.4772,0.072,0,0.4,0.4,0.4,12.1527,-0.4481,-4.4954,-0.01,12.16,-5.4409,-4.494,0.15,9.7622,-2.9227,-4.4951,-0.03
97.599,4.992,3.4402,3.4764,0.0723,0,0.4,0.4,0.4,12.1517,-0.4481,-4.495,-0.01,12.1596,-5.4401,-4.4943,0.17,9.7619,-2.9228,-4.4949,-0.02
97.699,4.992,3.4402,3.4765,0.0722,0,0.4,0.4,0.4,12.1511,-0.4481,-4.4946,-0.02,12.1591,-5.4401,-4.4947,0.19,9.7613,-2.9228,-4.4949,-0.01
97.799,4.9917,3.4398,3.4768,0.0723,0,0.4,0.4,0.4,12.1504,-0.4487,-4.4944,-0.02,12.1582,-5.4403,-4.4949,0.2,9.7605,-2.9226,-4.495,0.0
97.899,4.9919,3.4395,3.477,0.0724,0,0.4,0.4,0.4,12.1495,-0.449,-4.4943,-0.02,12.1571,-5.4409,-4.4951,0.2,9.7596,-2.9226,-4.495,0.01
97.999,4.9927,3.4398,3.4773,0.0725,0,0.4,0.4,0.4,12.1489,-0.4486,-4.4946,-0.01,12.1559,-5.4413,-4.4951,0.2,9.7587,-2.9223,-4.4953,0.02
98.099,4.9933,3.4399,3.4777,0.0726,0,0.4,0.4,0.4,12.1483,-0.4481,-4.4953,-0.01,12.1547,-5.4415,-4.4948,0.21,9.7578,-2.9216,-4.4956,0.03
98.199,4.9935,3.4401,3.478,0.0724,0,0.4,0.4,0.4,12.1479,-0.4481,-4.496,-0.02,12.1536,-5.4416,-4.4945,0.21,9.7568,-2.9214,-4.4958,0.04
98.299,4.9934,3.4406,3.4785,0.072,0,0.4,0.4,0.4,12.1476,-0.4483,-4.4967,-0.03,12.1527,-5.4417,-4.4939,0.2,9.7555,-2.9212,-4.4963,0.04
98.399,4.9933,3.4411,3.4791,0.0715,0,0.4,0.4,0.4,12.1472,-0.4485,-4.4974,-0.04,12.1519,-5.4418,-4.493,0.18,9.754,-2.9211,-4.4968,0.03
98.499,4.9933,3.442,3.48,0.0707,0,0.4,0.4,0.4,12.1472,-0.449,-4.4977,-0.03,12.151,-5.4423,-4.4924,0.17,9.7522,-2.9211,-4.497,0.03
98.599,4.9931,3.4429,3.4808,0.0699,0,0.4,0.4,0.4,12.1474,-0.4495,-4.4977,-0.03,12.1502,-5.4426,-4.4921,0.16,9.7506,-2.9211,-4.4973,0.02
98.699,4.9927,3.4432,3.4813,0.0695,0,0.4,0.4,0.4,12.1475,-0.4499,-4.4973,-0.03,12.149,-5.4426,-4.4919,0.16,9.7493,-2.9205,-4.4979,0.01
98.799,4.9919,3.4434,3.4816,0.0692,0,0.4,0.4,0.4,12.1476,-0.4505,-4.4966,-0.04,12.1479,-5.4424,-4.4919,0.17,9.748,-2.9201,-4.4985,0.0
98.899,4.9908,3.444,3.4813,0.0687,0,0.4,0.4,0.4,12.1476,-0.4509,-4.4957,-0.05,12.147,-5.4418,-4.492,0.17,9.7468,-2.9202,-4.4989,-0.01
98.999,4.9901,3.4451,3.4805,0.0681,0,0.4,0.4,0.4,12.1476,-0.451,-4.4947,-0.05,12.1464,-5.4412,-4.4923,0.17,9.7458,-2.9209,-4.4991,-0.01
99.099,4.9897,3.4464,3.4787,0.0679,0,0.4,0.4,0.4,12.1473,-0.4509,-4.4939,-0.04,12.1453,-5.4407,-4.4925,0.17,9.7453,-2.9224,-4.4994,-0.01
99.199,4.9894,3.4476,3.4764,0.0681,0,0.4,0.4,0.4,12.1466,-0.4506,-4.4933,-0.03,12.1441,-5.44,-4.4926,0.17,9.745,-2.9241,-4.4997,-0.01
99.299,4.989,3.4481,3.4743,0.0684,0,0.4,0.4,0.4,12.1456,-0.4502,-4.4927,-0.03,12.1431,-5.4392,-4.4925,0.17,9.7449,-2.9253,-4.4998,-0.02
99.399,4.9881,3.4482,3.4729,0.0686,0,0.4,0.4,0.4,12.1446,-0.4502,-4.4921,-0.02,12.1424,-5.4382,-4.4925,0.16,9.7445,-2.926,-4.4998,-0.02
99.499,4.9871,3.4482,3.4717,0.0688,0,0.4,0.4,0.4,12.1438,-0.45,-4.4919,-0.01,12.1416,-5.4372,-4.4931,0.14,9.7442,-2.9263,-4.4996,-0.04
99.599,4.9863,3.4486,3.4704,0.0687,0,0.4,0.4,0.4,12.1434,-0.4501,-4.4923,-0.01,12.1408,-5.4364,-4.494,0.12,9.7437,-2.9268,-4.4995,-0.05
99.699,4.9856,3.4493,3.4694,0.0686,0,0.4,0.4,0.4,12.1434,-0.4504,-4.4926,-0.0,12.1398,-5.436,-4.4947,0.11,9.7431,-2.9275,-4.4997,-0.07
99.799,4.9852,3.4494,3.4693,0.0684,0,0.4,0.4,0.4,12.1433,-0.4511,-4.4927,-0.0,12.139,-5.4363,-4.4952,0.1,9.7424,-2.9278,-4.5,-0.07
99.899,4.9853,3.4495,3.4694,0.0684,0,0.4,0.4,0.4,12.1427,-0.4516,-4.4927,-0.01,12.1386,-5.437,-4.4958,0.1,9.7419,-2.9285,-4.5005,-0.07
99.999,4.9856,3.4492,3.4696,0.0686,0,0.4,0.4,0.4,12.142,-0.4523,-4.4932,-0.02,12.1386,-5.4379,-4.4962,0.09,9.7417,-2.9293,-4.5009,-0.08
100.099,4.9864,3.4487,3.4707,0.0686,0,0.4,0.4,0.4,12.1414,-0.4531,-4.4935,-0.03,12.1389,-5.4395,-4.4962,0.09,9.7416,-2.9298,-4.501,-0.07
100.199,4.9878,3.4486,3.4722,0.0685,0,0.4,0.4,0.4,12.1409,-0.4537,-4.4936,-0.03,12.1394,-5.4415,-4.4958,0.09,9.7412,-2.9305,-4.5006,-0.07
100.299,4.9892,3.4482,3.4738,0.0685,0,0.4,0.4,0.4,12.1404,-0.4544,-4.4933,-0.04,12.1394,-5.4436,-4.4953,0.08,9.7408,-2.9308,-4.5002,-0.07
100.399,4.9906,3.4474,3.4756,0.0687,0,0.4,0.4,0.4,12.1396,-0.4552,-4.4927,-0.03,12.139,-5.4458,-4.495,0.07,9.7403,-2.9307,-4.4999,-0.07
100.499,4.9918,3.4461,3.4772,0.0692,0,0.4,0.4,0.4,12.1387,-0.4561,-4.4921,-0.03,12.1387,-5.4479,-4.4952,0.07,9.7401,-2.9305,-4.4996,-0.06
100.599,4.9926,3.4447,3.479,0.0696,0,0.4,0.4,0.4,12.138,-0.4573,-4.4917,-0.01,12.1385,-5.45,-4.4955,0.08,9.7398,-2.9301,-4.4993,-0.06
100.699,4.9929,3.4437,3.4809,0.0696,0,0.4,0.4,0.4,12.1378,-0.4587,-4.4916,-0.0,12.1384,-5.4516,-4.4956,0.07,9.7392,-2.9296,-4.4986,-0.07
100.799,4.9927,3.4432,3.4826,0.0692,0,0.4,0.4,0.4,12.1379,-0.4598,-4.4914,0.0,12.1384,-5.4525,-4.4957,0.06,9.7382,-2.929,-4.4979,-0.07
